20
128
68 24 8 9 15 12 12 35 46 20 13 22 45 27 17 28 77 30 12 13 19 14 16 38 32 14 9 13 29 24 18 23 98 36 8 9 16 11 12 47 52 22 18 51 86 36 12 19 123 47 13 16 20 11 10 36 42 14 9 21 46 31 17 21 99 44 11 11 16 9 8 39 52 18 11 35 87 53 19 23 122 35 9 11 21 17 13 48 42 20 16 30 46 22 9 15 70 34 12 11 15 9 9 26 45 26 16 26 47 24 13 21 78 37 15 14 20 14 12 31 33 22 17 23 30 14 9 14 
24 24 22 23 22 18 18 20 36 23 18 19 21 28 38 43 21 15 14 18 29 45 48 34 21 18 16 18 23 27 27 24 42 28 28 32 31 22 15 20 118 37 13 12 14 25 46 88 24 10 11 33 75 88 67 40 20 17 19 29 41 39 31 24 42 20 16 23 31 30 26 28 117 89 50 27 13 11 12 35 23 39 71 95 72 27 10 10 21 24 31 42 39 24 19 19 24 20 18 20 22 21 21 23 35 42 38 28 21 18 17 22 21 31 46 45 27 17 16 17 22 23 26 26 20 16 17 20 
17 7 6 31 104 24 5 6 108 31 9 15 31 7 5 28 69 19 9 11 19 12 12 28 18 10 9 14 24 15 11 12 22 6 5 39 128 33 4 6 131 23 5 13 36 9 6 44 81 16 9 18 30 21 16 30 23 13 11 18 27 16 12 14 22 5 4 35 128 37 5 6 130 43 7 10 35 12 5 24 79 30 17 23 29 15 9 17 23 13 12 16 26 16 12 16 17 5 5 26 105 28 6 8 107 27 5 7 30 13 8 33 67 26 11 12 18 11 10 22 18 11 11 15 23 12 9 12 
35 58 46 19 8 5 6 12 59 86 49 12 5 5 8 17 54 60 27 11 8 10 12 20 22 20 14 12 15 16 15 15 36 53 43 22 14 10 10 15 79 96 60 17 7 6 6 22 115 86 30 7 4 5 8 31 39 23 14 14 16 16 16 20 36 28 20 15 17 19 20 27 99 40 20 10 8 11 21 63 119 47 15 7 5 5 10 69 41 25 21 20 17 13 11 19 29 17 10 9 14 21 25 29 78 37 13 7 7 10 20 56 83 53 24 11 6 5 9 42 29 32 27 19 13 8 8 14 
32 21 14 20 28 12 8 14 79 33 12 13 18 12 13 34 49 25 13 23 46 25 14 23 75 31 10 10 15 10 11 32 43 20 14 25 39 19 9 15 123 30 7 9 18 16 15 55 55 17 8 28 84 54 21 27 103 42 9 9 16 10 10 43 42 15 9 19 40 26 15 20 123 54 15 15 18 9 7 31 56 26 20 51 84 31 9 19 104 41 8 9 17 10 10 46 32 14 8 13 28 21 15 21 79 35 12 12 18 13 13 34 51 23 14 23 45 22 14 28 75 30 10 9 15 10 11 35 
11 12 15 25 45 42 22 12 34 32 25 26 35 30 18 18 63 41 19 13 14 17 24 41 29 22 14 13 20 27 28 29 11 10 11 22 55 67 37 17 38 25 20 35 75 71 22 13 120 56 15 10 12 16 20 52 40 19 13 16 32 41 35 32 16 16 16 22 47 57 32 18 23 8 7 20 76 100 48 23 116 45 13 8 14 27 32 62 43 35 26 25 32 27 17 20 17 19 19 22 33 34 21 14 16 15 16 23 46 53 31 18 46 34 17 14 23 29 28 33 32 32 22 17 19 17 16 20 
23 22 22 21 18 14 15 18 39 26 22 19 15 16 29 43 35 21 18 13 11 19 46 56 29 17 12 9 10 19 40 45 38 26 26 27 24 19 14 20 114 32 12 9 7 12 42 93 42 11 6 6 11 41 92 83 28 12 8 8 13 29 61 56 40 18 13 18 27 31 27 28 125 74 10 4 5 9 16 51 82 50 21 12 12 22 35 37 24 16 14 16 18 24 37 34 28 14 8 9 19 26 31 35 84 41 9 5 9 15 27 56 69 48 22 12 8 8 16 36 20 22 24 22 16 12 14 17 
26 26 18 18 23 18 13 15 40 31 17 16 22 25 26 30 20 23 17 19 32 41 28 18 21 25 18 15 20 24 17 14 39 26 21 25 34 25 12 16 116 32 10 8 13 29 41 74 23 11 6 11 62 109 60 28 22 23 15 14 32 49 29 18 42 17 11 18 36 35 22 24 125 62 7 6 12 15 14 45 51 27 10 17 73 91 29 17 13 12 8 14 50 74 39 18 30 18 10 12 26 27 21 25 92 52 13 7 11 14 17 42 52 42 23 22 38 33 17 20 10 11 14 24 51 49 20 11 
26 22 17 14 15 21 28 27 27 23 20 17 24 37 41 33 19 15 14 16 29 51 57 34 13 15 13 12 22 46 45 21 33 37 31 22 19 19 22 26 40 44 56 53 38 24 17 17 108 49 25 15 17 35 46 60 19 8 6 13 47 89 67 28 26 33 32 25 22 21 19 20 52 26 27 35 37 33 29 31 119 70 24 12 12 13 17 55 31 33 34 39 56 51 23 15 18 21 20 18 21 22 19 16 35 34 25 20 20 21 21 23 60 70 38 17 12 12 14 23 26 44 45 32 25 16 11 12 
22 43 53 36 19 11 10 12 38 59 55 32 18 13 13 18 24 36 44 37 27 20 18 17 19 29 36 28 21 18 16 15 30 36 48 47 36 23 12 12 113 60 31 18 12 13 18 49 34 22 27 42 55 47 32 25 26 34 39 31 24 20 20 21 28 11 11 20 36 50 51 36 110 49 23 16 13 19 32 56 30 28 41 59 55 32 21 18 27 26 25 24 23 25 31 31 20 13 12 12 20 37 50 37 29 18 16 17 22 36 51 47 22 18 20 23 28 36 40 33 21 17 17 17 19 25 34 29 
18 17 17 20 20 15 15 17 35 24 18 19 19 16 19 29 73 27 13 9 8 9 27 75 56 20 9 5 7 14 40 70 24 21 18 20 22 19 20 23 59 31 26 29 29 22 17 24 127 45 11 7 5 5 20 86 72 26 12 10 11 18 42 72 24 23 21 20 21 19 17 20 59 25 18 23 28 27 24 30 127 87 21 6 4 6 10 45 72 73 43 19 11 10 12 27 17 16 15 15 19 20 17 15 35 29 20 16 17 17 18 23 72 76 29 9 7 8 12 27 55 72 43 14 6 5 8 20 
15 8 7 19 47 20 10 12 28 11 8 32 94 29 7 9 116 28 6 9 19 7 7 37 47 13 6 10 23 14 11 23 18 12 10 25 56 21 11 13 38 13 9 54 123 31 5 6 139 39 7 12 22 6 4 33 58 14 7 15 31 17 10 21 17 14 14 31 57 18 8 11 41 7 7 43 122 40 7 13 139 33 5 7 21 9 5 40 57 19 12 20 31 13 7 16 14 12 12 26 49 16 7 8 32 10 9 32 89 26 8 13 119 38 8 7 17 7 6 31 46 22 12 16 22 8 6 15 
65 25 9 9 10 5 4 16 147 45 5 3 3 2 4 37 98 23 6 4 6 6 9 32 17 9 7 7 13 12 10 11 80 24 9 10 12 7 6 20 155 36 4 3 3 2 4 51 119 21 7 7 9 8 10 37 21 12 8 9 15 11 9 12 80 19 6 7 12 10 9 26 155 49 4 2 3 3 5 41 117 37 11 7 9 7 7 23 21 13 10 11 15 10 9 12 66 16 4 5 9 8 10 28 144 35 4 2 3 3 7 50 95 30 9 6 7 5 7 25 17 11 10 12 14 7 7 9 
23 26 32 31 21 14 15 20 21 29 48 49 29 16 14 17 33 38 41 34 22 14 15 23 28 24 21 20 18 17 19 27 20 31 49 53 31 15 12 15 22 37 79 97 48 13 6 8 111 75 49 27 11 7 11 37 44 23 19 24 25 22 26 34 14 23 41 55 40 21 14 13 44 18 30 60 52 32 27 33 120 49 19 13 10 10 18 66 43 32 33 35 27 16 14 23 14 14 20 32 33 26 22 17 42 22 17 20 23 24 31 41 66 40 23 15 12 13 22 47 31 29 27 24 19 14 16 24 
42 24 14 18 21 10 7 17 105 40 10 9 13 8 10 45 36 13 12 36 73 31 14 23 12 10 14 36 57 21 8 8 55 25 15 22 29 14 9 18 132 38 8 9 17 10 8 55 40 9 10 57 112 42 10 19 14 12 17 43 64 22 9 11 55 18 9 17 28 18 16 28 130 57 15 18 17 6 7 38 32 19 20 75 108 29 7 8 16 11 13 34 57 25 14 15 43 16 8 11 20 14 15 29 86 37 14 15 18 10 11 39 23 16 17 42 69 26 11 12 15 9 10 24 43 21 13 14 
19 19 22 22 19 15 15 17 60 42 23 15 11 11 17 33 81 41 13 7 9 14 27 56 31 16 10 10 18 25 33 36 23 15 15 17 21 28 37 32 69 42 23 19 20 31 35 32 123 70 12 6 6 10 18 52 45 21 14 17 26 31 29 30 28 13 9 9 15 32 60 53 35 9 6 7 15 55 99 74 111 30 10 7 7 17 53 91 42 28 24 23 23 20 17 25 32 18 11 8 10 21 42 45 34 20 15 11 12 26 55 55 33 20 17 15 17 25 41 47 23 19 18 18 18 18 20 23 
20 13 11 14 21 12 9 12 67 27 12 11 16 10 10 23 106 27 5 6 24 17 14 42 19 7 5 22 92 36 10 11 25 16 13 16 24 16 12 15 83 34 18 19 25 15 9 18 132 45 7 9 30 14 7 32 24 6 5 33 122 45 7 8 25 16 11 15 25 17 13 16 83 18 9 14 25 20 18 34 133 30 6 12 30 10 7 48 25 8 6 40 124 37 5 6 20 12 8 11 22 16 12 13 70 22 8 9 16 12 12 28 110 40 11 14 25 7 6 29 19 11 9 34 95 24 5 6 
29 29 25 26 21 10 9 15 93 48 20 14 9 6 10 49 74 30 14 13 12 13 22 53 18 15 17 25 26 23 21 19 42 25 23 30 28 17 12 19 126 45 13 11 7 4 9 74 76 32 40 48 23 11 16 43 20 31 46 46 26 14 11 13 39 20 15 21 25 22 21 25 113 90 48 18 8 7 9 29 32 64 94 69 19 6 6 10 26 46 58 40 17 9 10 16 23 18 15 15 18 18 19 22 37 39 30 19 16 16 20 27 29 41 42 26 15 14 19 23 27 34 33 21 12 10 15 21 
20 9 7 10 15 7 6 9 101 23 6 5 7 5 5 22 156 29 2 2 2 2 5 43 68 13 4 4 10 8 10 23 26 12 7 10 16 9 8 13 121 29 8 8 11 7 6 19 162 41 3 2 3 2 3 33 83 16 5 6 13 9 8 21 27 12 7 9 16 10 7 12 122 18 6 7 10 9 8 30 162 31 3 3 3 2 3 43 83 20 8 9 13 6 5 16 21 9 6 6 14 10 8 10 102 21 5 4 7 6 7 25 156 41 5 3 2 2 3 31 66 22 10 10 11 4 4 13 
18 16 19 23 23 19 20 21 32 22 21 25 26 22 23 29 60 25 15 13 14 16 33 65 25 12 12 19 30 32 39 39 25 20 19 24 26 25 30 31 47 28 28 41 48 36 23 22 119 52 18 16 14 12 21 68 30 14 22 57 66 39 29 30 29 27 26 26 24 22 25 29 41 18 19 34 49 48 40 34 111 62 47 38 19 13 18 44 17 23 62 97 56 12 5 7 21 25 30 25 20 16 15 18 24 30 39 37 26 18 17 20 22 37 56 49 26 14 13 15 14 17 42 50 24 12 12 15 
