30
128
20 8 6 8 12 6 5 9 105 19 4 4 6 4 4 21 163 24 2 1 2 2 4 42 69 11 3 3 10 8 9 21 26 11 6 8 13 7 6 11 128 24 6 6 9 6 5 18 168 32 2 2 2 2 3 32 84 13 4 6 13 8 7 19 26 11 6 7 13 8 6 10 129 18 5 5 8 6 6 24 168 29 2 2 2 2 2 35 84 18 6 8 13 6 4 14 20 8 5 5 11 8 6 9 108 20 4 4 6 5 5 20 164 39 3 2 2 1 2 25 68 20 8 9 10 3 3 11 
49 28 15 13 13 7 7 18 102 40 10 8 14 11 11 42 28 12 11 34 77 36 14 18 13 11 14 28 50 21 9 9 63 30 17 16 15 10 8 19 133 39 7 7 16 13 10 54 36 8 8 41 116 58 14 18 16 13 14 31 61 27 12 12 64 20 9 11 15 14 16 30 133 53 10 14 16 6 7 40 35 18 14 59 115 40 8 8 16 11 11 28 61 31 15 14 51 18 7 8 12 11 15 30 101 40 12 12 15 8 10 41 26 17 16 40 76 30 10 11 14 9 10 24 49 25 12 12 
27 26 19 19 15 9 8 13 91 67 19 8 6 5 7 28 108 65 10 4 5 7 12 42 33 18 10 11 15 17 17 23 31 23 14 16 18 15 14 20 95 72 23 12 11 11 12 24 132 97 11 4 3 4 6 34 51 24 14 15 18 17 15 22 33 21 12 13 19 18 17 25 91 23 9 9 11 14 30 77 131 35 7 4 3 4 13 98 50 23 18 18 18 14 12 22 29 15 8 9 16 19 20 26 86 31 9 5 6 9 19 62 101 47 15 7 5 5 10 57 32 26 20 18 15 10 9 17 
31 22 18 23 21 11 10 18 100 37 12 11 9 6 12 60 65 20 14 28 29 18 25 53 11 10 20 50 50 24 15 13 45 22 19 27 27 16 11 20 127 41 11 12 9 5 8 69 59 18 36 94 60 13 11 31 13 17 45 81 47 12 8 11 41 19 13 20 26 21 19 26 116 82 47 28 10 6 8 29 24 31 71 110 49 9 7 12 23 20 35 51 28 13 15 25 26 16 13 15 19 16 18 25 41 31 26 23 18 14 18 31 24 19 28 37 25 17 20 28 22 14 16 23 19 14 18 27 
23 20 15 17 23 20 15 17 44 34 18 15 21 22 21 28 41 23 11 12 33 48 37 36 12 13 10 15 49 60 23 11 29 24 16 18 27 27 22 23 57 44 31 32 39 29 16 19 116 54 14 10 28 41 26 46 17 7 5 15 91 99 26 12 29 26 18 19 28 27 22 22 56 20 14 22 40 43 34 37 121 45 9 10 22 21 19 62 26 13 9 29 99 77 15 11 23 20 15 15 25 24 17 17 45 30 17 16 24 23 21 28 81 58 20 14 17 13 13 33 24 25 18 31 59 36 12 10 
31 47 44 19 8 7 11 16 33 53 55 24 10 10 15 19 31 45 40 21 13 13 16 20 20 20 19 17 17 16 16 17 27 58 67 34 12 7 8 12 32 79 107 55 11 4 5 8 113 97 58 16 6 5 7 26 40 22 16 20 22 18 18 23 21 33 43 33 21 14 12 13 77 35 41 34 16 11 17 42 126 50 17 9 6 4 8 72 42 26 26 30 26 15 11 18 18 17 16 18 20 20 19 17 70 35 16 10 9 11 18 44 90 57 27 13 8 5 9 42 29 34 31 25 18 9 8 15 
12 10 20 59 62 24 13 13 36 23 27 50 45 18 15 27 42 25 20 21 20 20 27 40 27 20 17 18 19 20 21 25 16 11 28 90 89 23 6 8 109 30 19 37 30 14 23 66 45 17 16 26 39 46 46 47 29 24 23 25 26 24 25 29 22 10 18 68 86 34 12 12 113 70 26 21 21 12 11 35 43 43 49 53 39 21 14 18 30 27 28 28 25 19 20 27 18 10 13 32 51 31 19 21 55 32 17 16 20 20 22 42 38 32 27 26 21 17 20 30 26 22 22 22 20 15 17 24 
36 23 13 16 20 10 8 15 82 33 11 10 15 12 14 36 52 26 12 21 43 25 15 24 79 33 9 9 13 10 11 33 48 23 14 19 27 16 9 16 125 31 7 7 14 15 16 57 57 18 8 27 81 54 22 28 107 45 9 8 15 9 9 43 48 17 9 14 27 22 15 23 125 56 15 14 15 8 7 32 58 27 21 50 82 31 9 19 107 43 8 8 15 10 10 45 37 15 8 10 20 18 15 23 83 36 12 11 15 12 12 35 52 24 14 23 43 22 14 27 78 32 10 9 14 10 10 34 
21 11 10 12 19 9 7 11 75 23 9 9 14 8 7 20 125 25 4 5 22 9 7 39 22 5 4 23 104 27 6 10 26 15 11 14 22 12 9 14 92 29 14 15 20 11 7 17 138 38 4 8 30 8 4 28 27 5 4 34 128 30 4 7 26 14 10 13 22 13 10 14 94 18 7 12 20 14 12 30 138 26 4 11 32 6 4 39 25 7 5 40 129 25 3 5 21 10 7 9 20 13 10 12 79 20 6 7 13 9 9 26 122 35 8 12 26 5 4 26 19 8 7 32 105 19 4 5 
32 27 19 14 14 19 28 33 25 21 23 23 28 39 42 34 18 16 19 22 32 45 48 29 17 17 15 15 20 36 43 26 38 49 44 27 16 12 16 24 33 44 75 74 37 17 13 15 104 49 34 22 16 26 41 58 23 10 9 16 34 69 69 37 24 39 43 29 19 17 15 16 50 30 38 45 32 24 23 28 118 77 34 15 8 9 15 52 31 39 50 47 40 34 22 16 16 21 23 19 19 22 20 16 31 36 30 20 17 18 20 22 47 71 50 20 10 10 13 19 23 48 57 32 15 10 10 12 
26 26 18 16 20 18 13 15 37 30 17 15 20 25 27 31 21 25 17 17 27 40 30 19 21 26 18 14 19 25 18 15 40 26 20 22 29 24 13 17 116 30 9 6 11 29 46 80 23 11 6 9 54 111 67 30 22 24 15 13 29 52 32 18 43 18 11 16 32 32 20 23 126 66 8 5 11 14 12 42 56 30 11 14 67 96 32 17 13 12 8 13 49 80 41 16 30 19 10 12 24 25 18 22 97 59 14 7 11 12 12 36 59 50 26 20 34 30 13 19 10 12 15 25 51 50 19 10 
20 17 18 23 25 16 14 17 34 27 21 24 24 17 16 23 89 43 15 10 9 7 13 47 85 33 9 5 7 8 16 51 26 21 20 25 28 20 18 22 44 29 29 41 42 24 14 18 125 54 15 9 7 6 11 53 105 38 9 6 7 8 17 59 25 22 20 23 29 23 18 19 46 19 16 27 40 37 26 29 127 51 9 6 6 9 14 57 109 53 12 7 7 6 12 44 19 15 13 17 26 24 18 17 38 22 14 16 22 23 23 30 97 45 10 6 7 9 16 50 89 48 13 7 7 5 9 37 
16 7 6 15 47 18 8 10 33 10 5 26 107 28 5 8 130 27 4 7 19 6 5 33 44 10 4 9 26 14 8 17 20 11 7 18 54 19 9 13 43 11 5 40 132 33 4 6 144 34 4 9 24 6 3 27 56 11 5 14 35 17 7 15 21 13 9 19 54 18 8 12 42 5 4 30 132 45 6 11 144 28 4 6 25 10 4 35 55 15 8 17 34 13 5 12 17 12 9 18 45 14 6 8 31 8 6 28 107 28 5 9 128 35 6 6 21 7 4 25 45 18 9 14 25 8 4 11 
13 11 14 17 22 31 36 23 20 15 16 18 27 37 38 28 37 17 13 10 11 22 52 63 21 13 10 8 11 29 59 46 25 15 12 14 26 43 53 40 35 15 14 31 72 67 35 22 117 37 10 9 12 17 39 82 31 13 13 17 29 51 66 48 33 33 29 24 27 28 28 29 28 14 17 37 81 74 32 18 115 71 28 13 16 19 18 39 36 47 52 41 29 21 15 15 22 29 31 24 21 18 16 16 18 23 31 38 42 31 19 15 42 46 32 21 21 20 19 23 29 40 39 22 14 12 13 17 
77 25 7 8 14 10 10 35 49 19 12 22 48 25 14 27 83 30 11 12 19 12 13 37 34 14 8 13 29 21 15 22 107 36 7 8 16 9 9 45 56 22 16 51 87 32 9 19 124 45 12 15 20 10 8 34 43 14 9 21 44 27 14 20 105 43 9 10 16 8 7 37 56 18 10 34 87 49 17 22 124 33 8 10 20 15 12 46 42 19 15 29 44 19 9 14 76 33 10 10 15 9 8 25 48 26 15 25 48 22 12 20 83 36 14 13 19 12 10 30 33 21 16 23 30 12 8 13 
50 64 43 20 8 5 7 16 82 86 33 10 5 5 9 24 47 33 14 10 10 12 15 26 13 11 9 10 15 17 15 14 59 58 42 27 16 11 10 20 132 86 22 7 3 3 7 49 88 27 12 10 11 13 18 40 17 14 12 13 15 15 14 14 61 22 13 13 17 22 36 59 133 49 7 3 3 5 18 88 88 38 17 12 11 11 12 27 16 14 13 15 16 13 13 14 52 16 6 5 8 17 41 68 87 24 8 5 5 8 31 93 47 23 14 12 10 9 15 37 12 12 14 17 16 10 10 11 
22 57 71 35 11 6 7 10 36 78 76 32 12 8 8 11 25 49 58 41 23 15 12 13 18 34 44 31 21 16 13 13 30 41 57 43 26 18 11 12 115 68 38 16 9 9 14 50 39 30 39 47 49 37 26 25 27 44 51 33 22 17 17 17 36 16 14 18 27 35 35 33 110 61 34 19 11 11 16 43 29 36 59 71 50 21 11 12 31 37 37 28 21 18 20 24 23 19 16 15 20 25 27 26 36 32 29 23 23 21 21 27 26 30 34 31 26 20 20 22 27 27 25 19 16 16 20 23 
26 25 21 19 18 17 18 21 36 23 16 16 19 29 41 44 20 15 13 16 29 47 50 34 21 17 15 16 22 28 29 25 45 30 28 26 23 20 16 22 118 37 13 9 12 26 49 90 24 9 10 31 75 92 71 41 21 18 19 26 42 42 32 24 45 21 15 18 24 28 28 31 118 90 51 27 12 10 12 36 23 40 72 96 74 28 10 9 20 25 32 42 40 25 19 18 25 22 19 18 19 20 21 23 35 44 41 29 20 16 16 22 21 32 48 46 27 17 15 16 22 24 27 27 21 16 16 19 
18 7 5 25 109 21 4 5 125 31 6 9 26 5 3 25 87 19 6 6 8 7 9 27 19 8 7 9 17 12 10 11 23 5 3 30 130 30 3 5 138 21 3 8 32 7 4 38 103 17 6 9 11 11 12 30 23 11 8 12 20 13 10 12 23 5 3 29 130 32 4 5 137 35 3 6 32 9 3 22 102 28 11 11 11 9 7 18 23 11 10 13 21 12 9 12 19 5 4 22 110 24 4 7 126 24 3 5 27 10 5 31 86 25 8 7 8 6 7 20 18 9 10 13 18 9 7 9 
20 18 19 24 22 16 16 21 39 26 22 23 23 18 20 32 71 29 14 12 14 16 30 64 25 12 12 26 43 35 31 33 27 21 19 24 25 22 24 30 53 34 30 38 39 28 20 23 120 59 19 17 17 12 16 58 28 13 21 69 82 37 18 20 31 25 22 22 23 22 25 30 47 18 17 26 39 43 44 44 111 53 41 44 22 12 19 51 16 17 48 104 71 13 5 7 24 24 24 21 18 17 17 20 31 31 35 31 23 17 19 26 24 33 53 56 30 13 12 16 13 13 34 57 33 13 11 14 
29 28 23 22 19 10 8 14 98 47 17 11 7 5 9 50 83 31 10 6 7 11 21 56 22 15 11 10 16 22 23 22 43 24 20 24 24 18 13 20 127 40 10 7 5 4 10 83 91 35 28 15 11 12 19 55 25 30 28 18 18 16 14 16 40 21 14 16 22 23 22 24 118 99 37 9 6 8 10 29 50 95 86 28 9 6 6 11 28 55 55 25 14 8 8 11 24 20 15 13 17 19 19 20 46 52 28 13 13 16 18 23 41 69 49 16 9 10 14 18 29 51 45 20 9 7 9 13 
9 10 12 24 58 51 16 8 46 38 21 22 38 30 12 16 89 51 14 8 10 12 14 39 32 22 12 12 23 25 19 23 10 9 8 19 65 79 31 11 47 25 13 23 74 80 21 13 124 59 10 7 12 14 13 44 43 21 13 18 33 34 21 24 15 15 13 19 51 63 28 14 25 8 6 14 70 103 51 25 117 39 11 8 13 26 33 65 42 30 21 23 31 25 14 18 16 18 16 19 35 36 18 12 16 16 15 21 45 52 28 16 46 35 17 14 22 26 23 29 31 32 20 17 20 15 12 16 
23 21 20 18 16 14 15 18 39 25 20 16 13 16 31 44 34 21 18 13 10 18 48 56 30 17 13 8 8 18 43 47 39 25 23 21 21 19 15 21 114 29 11 7 5 12 45 96 40 10 6 5 9 40 100 87 29 11 7 7 11 28 67 62 41 18 12 14 25 30 24 25 126 74 9 4 5 9 13 47 88 48 18 10 11 21 37 40 25 15 13 14 17 23 38 36 28 14 8 8 19 25 26 31 93 44 9 4 8 14 21 51 79 51 20 11 7 7 13 35 21 21 23 22 16 11 13 16 
18 17 20 20 17 15 17 18 60 37 19 12 10 12 19 37 81 35 9 5 8 15 32 63 30 14 8 8 17 27 38 40 23 13 12 14 18 29 43 37 72 38 18 14 18 34 41 36 124 66 9 4 5 10 20 58 43 18 13 15 25 33 33 32 30 12 8 8 12 30 65 59 33 9 5 6 13 57 106 75 111 30 10 6 7 18 58 91 40 28 25 22 21 20 18 23 33 18 12 8 9 18 41 47 33 21 17 12 12 24 53 52 29 19 19 16 17 24 40 43 21 19 20 18 17 18 19 21 
17 13 16 31 35 22 18 20 16 15 24 48 52 26 16 15 54 29 21 25 23 14 17 39 33 16 12 16 21 18 21 33 17 17 25 53 49 21 15 18 24 21 39 100 84 19 7 8 120 58 26 26 16 8 11 45 42 17 15 28 34 25 23 31 11 16 35 73 59 17 8 9 43 13 22 84 83 23 11 21 124 50 16 16 13 7 9 53 39 27 29 41 35 17 11 17 9 11 23 52 52 22 10 9 40 18 17 36 40 20 18 31 80 46 21 15 11 8 13 42 30 27 25 28 23 11 11 19 
24 28 30 25 19 16 15 16 43 36 27 20 18 20 24 30 26 26 25 24 28 29 29 25 24 25 24 19 18 19 21 22 34 30 33 33 31 27 16 15 111 45 17 11 11 18 29 59 29 14 15 27 54 66 49 31 28 26 25 23 24 27 30 29 26 9 8 14 29 58 65 38 112 47 16 10 10 23 45 65 34 25 30 43 54 47 34 26 24 19 18 18 24 35 45 38 19 10 8 7 14 43 71 47 26 10 9 10 16 44 80 65 20 12 13 16 25 48 60 43 16 12 13 16 21 35 46 31 
67 20 6 7 10 4 4 15 155 39 3 2 2 2 3 36 104 21 6 4 6 6 8 29 18 9 6 7 12 11 9 10 83 20 6 7 11 6 5 18 160 30 3 2 2 2 3 48 123 19 6 7 9 8 9 35 22 11 8 9 14 10 9 12 83 18 5 6 10 7 6 20 161 47 3 2 2 2 3 31 123 33 9 7 9 7 7 20 22 11 8 10 14 9 9 12 68 15 4 4 9 7 6 20 155 35 3 2 2 2 3 40 105 29 7 5 6 4 6 22 17 10 8 10 13 7 7 8 
23 31 38 33 21 14 14 18 22 40 57 47 26 15 13 15 31 44 47 35 22 16 16 21 27 28 25 21 19 20 22 26 19 27 38 42 33 23 19 17 24 41 71 77 52 24 11 9 113 74 44 24 11 10 16 43 43 24 20 22 26 30 33 36 19 17 20 25 34 40 37 27 25 10 12 27 55 75 65 40 113 44 18 12 12 22 40 73 41 37 37 34 26 20 18 23 21 17 15 15 21 33 38 29 21 15 14 16 28 47 54 38 34 22 18 17 22 33 44 44 26 25 23 20 19 20 25 27 
20 12 9 28 75 26 7 8 90 35 10 13 26 12 9 31 31 14 11 27 65 31 12 16 23 15 11 21 41 19 9 11 26 9 6 34 107 41 7 8 127 28 5 11 35 17 9 47 40 9 7 36 103 52 13 18 31 18 13 24 48 23 10 16 25 7 5 30 108 47 8 9 126 47 9 15 37 16 6 27 40 19 14 53 102 35 7 9 32 16 9 19 47 26 13 20 17 8 7 23 78 34 9 10 84 31 9 12 33 19 11 29 34 19 13 28 63 27 10 14 26 12 8 16 39 22 11 16 
16 16 17 18 17 12 11 13 40 24 17 15 14 11 15 30 73 21 11 8 6 9 33 87 40 13 8 6 9 21 52 71 20 17 15 18 19 16 15 19 74 34 22 19 17 14 13 24 132 43 8 4 3 5 23 98 54 19 14 16 19 31 53 68 20 18 16 16 18 17 16 18 73 24 14 15 17 18 23 34 132 100 27 7 3 4 8 43 51 69 60 35 19 14 13 18 15 13 12 12 17 18 17 14 38 30 18 12 13 14 16 21 66 87 40 11 7 7 10 19 36 70 60 23 9 6 8 13 
