40
128
29 32 26 24 20 9 7 12 102 55 19 11 7 4 6 43 86 36 11 6 7 10 15 48 21 17 13 11 16 20 19 18 42 24 21 26 26 16 12 18 128 44 11 7 5 4 7 77 93 41 36 19 11 10 13 44 24 37 37 21 16 13 10 12 40 21 14 17 22 22 22 25 116 97 44 11 6 7 10 30 39 91 99 36 9 5 5 9 29 64 64 25 11 7 7 11 23 19 15 13 17 19 20 21 40 45 30 15 14 16 21 25 34 59 49 18 11 12 17 19 32 51 43 17 8 7 11 16 
20 12 14 28 29 19 18 22 17 14 22 48 50 24 16 17 57 28 19 24 22 13 16 41 38 16 10 12 15 15 21 38 20 15 20 49 44 19 16 22 24 21 37 105 86 17 7 9 123 61 26 27 14 6 10 42 50 18 13 22 23 19 21 34 13 14 29 75 59 14 8 11 45 11 18 91 89 19 10 22 127 44 11 13 11 6 8 57 50 27 22 31 24 13 11 21 9 10 20 57 55 18 9 8 47 15 13 39 44 18 18 37 95 38 12 10 8 6 13 53 36 24 18 22 19 11 11 23 
28 27 22 22 20 16 14 20 44 27 17 17 21 27 34 42 18 15 15 22 42 51 36 24 20 20 18 20 27 23 16 16 46 30 27 28 27 19 13 20 121 39 13 10 15 28 42 87 22 8 8 33 101 101 54 30 20 18 16 25 47 38 23 19 46 21 15 19 26 27 25 30 120 92 50 30 14 10 11 35 21 34 62 102 95 31 9 9 20 19 20 35 44 28 20 20 26 21 17 18 20 20 20 23 36 46 40 30 21 16 15 21 20 29 45 50 30 16 13 15 21 21 22 24 21 16 16 19 
30 14 9 17 34 19 12 19 31 14 11 29 71 30 10 14 91 26 8 12 29 15 11 39 22 8 7 24 75 31 10 14 41 21 11 20 39 19 13 24 42 16 11 49 107 35 7 10 127 38 8 15 37 14 6 34 26 7 6 37 109 40 7 10 40 24 15 22 38 16 10 21 42 10 8 38 106 46 11 16 127 34 8 16 37 15 7 39 25 10 9 47 108 31 5 7 27 19 14 21 33 14 9 13 32 14 12 30 65 26 11 15 87 37 13 18 30 12 8 26 19 12 11 36 74 21 7 9 
52 67 44 19 8 4 6 16 83 92 33 9 5 5 8 22 44 34 14 10 10 12 14 22 12 10 9 10 15 17 15 13 61 60 42 26 15 11 10 20 134 89 21 6 3 3 6 47 88 27 12 10 11 12 16 37 16 14 12 13 15 14 13 14 63 21 12 13 16 22 37 60 134 48 7 3 3 5 18 88 87 38 18 12 11 11 11 25 16 14 13 15 16 13 12 14 54 17 7 5 8 16 39 66 88 26 9 5 5 7 29 90 48 24 15 12 10 8 14 35 12 12 15 18 15 9 10 11 
9 9 13 34 67 42 13 8 28 28 24 32 42 25 12 15 58 38 19 14 16 16 20 39 30 22 14 14 22 25 22 26 7 7 11 37 88 65 19 8 36 26 24 42 74 47 12 10 118 52 16 11 13 15 18 51 36 18 13 20 37 43 31 30 7 7 12 35 90 68 20 8 30 8 8 27 81 73 28 21 118 53 15 10 14 16 18 52 40 32 25 30 38 29 16 19 9 9 13 30 71 52 16 8 18 12 11 24 61 54 24 17 61 45 18 13 18 19 18 30 36 35 22 20 21 15 13 19 
36 58 38 17 9 7 6 12 57 87 49 13 6 6 7 17 49 70 41 18 11 10 11 18 26 31 23 17 16 17 16 18 35 51 32 17 14 13 12 16 56 92 70 24 11 9 8 14 116 94 41 10 4 5 9 37 49 28 17 15 16 21 24 31 29 32 22 14 17 18 17 19 76 38 24 16 15 18 24 44 123 67 21 7 4 5 10 68 48 43 35 24 18 16 14 21 20 21 15 12 16 20 16 15 52 50 24 12 10 12 15 23 72 89 42 12 5 5 7 19 35 63 47 20 9 7 7 12 
32 22 18 22 21 10 9 19 104 37 11 10 8 5 11 61 66 20 14 30 30 17 22 52 11 10 21 54 52 23 13 11 47 23 18 25 27 16 11 20 127 40 11 11 9 4 7 68 59 18 35 97 63 12 9 29 13 16 43 83 49 12 7 11 43 19 13 19 26 20 18 26 117 81 45 28 10 6 7 29 24 30 67 110 52 9 7 12 23 17 31 51 30 13 15 26 27 16 13 15 19 15 17 25 43 33 26 23 18 13 16 31 25 20 28 38 26 16 18 28 22 13 15 24 20 14 18 28 
15 16 22 27 22 16 14 15 34 26 24 24 18 15 17 27 67 27 14 11 9 12 32 73 38 15 11 11 16 25 48 58 20 16 18 24 25 24 25 24 56 31 26 27 29 28 23 23 124 53 16 9 6 8 23 83 44 22 32 48 38 32 39 48 24 20 19 19 21 25 33 29 44 18 17 22 31 44 50 40 114 76 65 31 10 10 17 42 21 39 100 91 27 8 5 8 18 22 27 22 17 17 18 18 21 27 41 36 23 17 18 18 17 34 65 47 21 12 14 14 14 22 58 41 12 9 14 16 
30 25 19 14 13 20 29 31 24 20 20 18 24 42 50 36 13 13 14 17 32 58 62 27 14 16 13 12 19 42 48 22 36 45 39 25 16 13 16 24 36 50 76 62 29 17 15 17 104 51 32 19 16 35 53 58 19 8 7 13 37 86 79 32 25 32 31 25 21 20 19 19 53 27 30 35 28 28 29 32 118 75 30 14 9 11 17 56 30 36 44 47 47 44 25 16 19 19 17 17 20 23 22 18 35 32 22 18 19 22 23 25 53 67 42 19 12 12 14 21 23 45 52 34 19 12 10 12 
21 11 10 11 17 8 6 10 82 24 9 8 9 6 6 20 129 24 3 4 21 8 6 36 22 5 3 21 106 25 6 9 26 14 11 12 20 11 8 12 99 30 12 11 13 8 6 17 141 36 4 6 29 7 4 26 28 5 3 31 130 28 3 6 26 13 8 12 20 12 10 13 101 17 6 9 13 11 11 29 141 23 3 9 30 6 4 37 26 6 4 35 132 24 3 5 21 10 6 8 18 11 10 11 87 19 5 5 9 7 9 25 129 32 6 10 24 4 3 26 19 7 5 29 109 19 4 5 
27 24 23 22 22 19 20 24 19 20 31 43 46 28 18 17 46 32 29 27 23 15 16 31 31 21 18 17 19 19 22 29 30 45 48 39 24 14 13 19 24 25 55 94 67 20 8 9 113 51 30 26 15 9 14 50 39 18 17 26 31 29 29 35 20 49 67 47 20 10 7 9 42 31 48 70 50 20 13 18 118 75 39 18 10 7 10 43 30 39 58 51 31 15 10 13 12 25 37 29 21 18 13 10 26 42 45 29 16 13 13 14 38 75 64 24 8 6 9 13 20 47 64 33 11 6 8 11 
10 11 14 20 46 48 20 10 64 46 20 16 30 29 13 18 106 57 11 5 8 11 13 38 33 21 11 11 22 26 19 23 12 10 7 12 43 79 47 18 58 27 9 14 59 94 35 17 128 65 7 5 9 12 11 41 47 22 13 16 29 29 18 22 22 22 15 12 25 52 38 21 22 9 7 9 50 112 72 30 117 30 9 6 11 29 47 78 42 28 20 21 26 21 13 18 22 26 21 16 16 20 16 14 20 26 23 20 27 37 27 17 38 32 20 16 21 24 24 27 26 29 21 17 19 15 11 14 
21 55 73 38 12 6 7 9 34 77 79 35 12 8 8 11 23 49 61 43 23 15 12 12 18 35 47 33 21 16 13 12 29 40 59 46 27 17 11 11 114 67 40 17 9 10 14 50 37 29 39 50 52 38 26 24 27 44 51 35 22 17 15 17 35 16 14 19 28 35 34 31 110 60 34 20 11 11 16 42 29 34 56 72 52 22 11 13 32 35 34 28 22 19 20 25 23 18 16 15 20 25 27 25 37 32 27 23 22 20 21 28 27 28 32 31 27 20 20 23 27 26 24 19 16 16 20 24 
20 15 16 18 15 14 21 25 49 23 14 11 9 13 30 52 63 18 7 5 7 18 51 84 27 10 6 6 13 31 55 54 30 13 9 10 13 25 48 53 68 31 15 14 18 38 49 46 121 57 9 5 6 12 28 70 39 16 12 16 26 38 43 39 43 16 7 6 9 25 57 71 35 11 6 7 19 70 97 64 108 37 12 8 9 22 52 76 41 32 28 25 22 19 15 21 43 24 13 9 9 14 28 46 36 28 19 17 19 28 38 39 32 25 22 20 22 25 30 33 25 25 23 20 16 15 14 19 
18 15 17 21 24 14 13 15 39 28 19 20 20 14 14 23 104 46 12 7 7 5 10 47 98 34 7 5 7 6 10 47 24 19 19 23 27 19 17 19 53 31 26 33 34 21 14 20 128 55 12 8 6 6 9 48 115 41 9 5 7 6 10 51 24 20 17 20 27 22 17 18 55 20 15 22 33 31 24 31 128 45 9 6 6 7 12 57 115 50 10 6 7 5 9 42 19 14 11 15 24 22 17 16 46 21 12 13 19 19 20 31 105 40 8 5 6 7 13 52 95 41 10 7 7 5 8 37 
26 32 39 21 10 9 16 21 27 35 47 26 13 13 22 24 32 34 31 19 13 15 23 28 19 14 14 16 18 18 21 21 23 49 76 44 14 7 8 12 29 68 110 67 12 4 5 9 113 97 56 17 7 5 9 25 36 18 14 21 26 19 19 22 16 28 50 45 25 14 10 10 80 31 46 43 16 9 14 43 128 38 10 8 7 4 7 77 43 17 16 27 30 15 12 20 16 12 14 20 23 23 22 20 84 21 9 8 8 11 23 64 106 32 11 10 9 5 12 65 28 17 16 23 25 12 11 19 
31 21 16 14 14 9 11 21 75 29 14 10 7 7 19 64 62 19 10 7 6 11 38 79 26 10 8 7 11 20 37 44 49 25 17 17 16 13 13 24 127 30 8 5 3 4 21 104 72 14 6 6 8 15 56 96 26 11 8 10 17 20 35 42 49 24 12 13 18 19 16 22 130 91 9 3 3 5 7 34 101 63 17 9 9 10 16 31 26 15 11 15 19 15 16 22 32 18 8 8 16 19 16 22 109 63 8 3 5 8 11 37 95 65 18 8 5 4 6 27 22 21 19 20 16 9 7 12 
16 12 12 16 18 10 8 10 78 26 10 9 9 6 7 30 132 29 4 3 3 5 13 79 50 13 7 8 15 20 25 42 22 13 10 14 18 14 12 15 108 33 10 9 12 11 9 25 145 48 4 3 3 4 7 62 58 17 12 19 25 23 21 30 23 16 11 12 17 15 12 15 102 27 9 9 11 12 14 37 144 80 15 6 3 2 4 46 48 44 38 35 24 13 10 13 16 12 11 10 15 16 12 12 58 39 15 8 10 10 10 19 102 105 34 9 4 2 4 16 35 61 51 29 12 5 6 10 
17 19 26 30 27 20 17 17 24 27 32 31 27 22 20 20 44 30 22 17 16 20 28 40 30 21 15 13 17 24 32 35 19 22 30 37 33 25 20 18 36 36 43 50 42 25 16 15 114 58 21 12 10 14 23 54 39 19 15 19 29 38 43 41 17 13 17 23 30 41 46 29 29 9 10 20 31 53 77 56 109 37 13 8 9 19 49 79 43 31 28 26 25 26 28 34 19 9 7 8 15 41 64 44 23 8 6 6 13 45 89 67 30 12 8 9 16 41 76 65 25 16 14 15 19 29 42 40 
25 20 19 21 20 15 16 22 43 29 22 20 18 17 22 35 64 28 14 13 17 20 31 59 19 10 11 30 57 38 26 24 31 25 21 24 23 18 21 28 56 43 39 40 30 21 17 23 116 64 21 19 21 14 15 49 21 10 14 68 99 40 14 14 32 24 20 23 23 21 22 29 55 19 16 25 31 35 42 52 111 43 26 42 29 12 20 60 15 11 26 98 94 17 5 7 28 21 17 17 18 18 19 24 44 31 24 21 18 17 23 38 34 33 40 52 36 15 12 23 11 10 23 60 50 18 11 12 
24 21 15 16 21 17 12 15 53 40 18 13 16 17 16 28 47 26 10 12 35 50 33 34 13 14 10 15 50 62 21 10 29 24 15 16 24 24 19 20 66 48 29 25 28 24 15 19 118 55 13 8 26 43 24 45 17 8 5 13 89 105 26 12 30 27 16 16 23 24 20 20 64 23 13 17 29 36 32 38 124 45 8 7 18 20 17 63 28 14 8 21 95 87 17 12 23 21 13 13 22 23 16 15 51 34 17 13 18 19 18 27 92 65 18 10 12 11 11 31 29 29 18 27 57 37 11 10 
27 27 18 16 18 15 13 16 39 29 16 14 20 26 27 32 21 22 16 16 31 43 30 20 20 24 16 14 22 25 17 14 43 28 21 22 25 19 12 18 119 31 9 6 11 29 42 79 23 10 6 11 67 110 57 28 20 24 15 16 37 49 23 14 47 20 11 16 26 26 20 24 127 66 7 5 11 12 11 42 52 27 10 17 85 97 23 14 12 12 9 16 61 77 28 12 33 20 10 11 20 22 17 22 101 61 14 6 9 10 11 36 54 46 25 25 47 36 12 16 9 10 12 26 62 53 17 9 
25 30 30 24 19 15 14 16 49 40 26 18 17 18 22 31 27 25 24 25 30 29 27 25 20 23 24 22 22 21 20 19 35 31 33 33 30 25 16 15 114 48 18 11 11 16 24 56 31 15 17 34 62 59 38 27 25 27 29 28 28 26 23 22 26 9 8 14 28 57 68 40 111 45 17 12 11 23 47 65 29 23 32 51 63 46 29 21 24 21 20 21 27 34 39 32 19 11 8 7 12 41 73 48 22 10 9 11 18 47 82 62 15 11 12 17 30 56 62 38 15 11 12 15 23 38 47 30 
12 8 18 65 65 20 12 14 43 21 25 56 50 15 12 29 50 24 17 21 19 16 23 44 25 18 16 20 21 18 18 24 16 11 28 102 88 13 5 7 111 30 19 44 32 10 17 61 53 18 18 32 39 33 33 44 29 24 25 30 27 19 18 24 23 10 18 78 84 24 10 13 114 68 25 23 19 8 10 36 44 41 47 54 38 18 12 18 31 26 28 30 25 16 17 26 20 9 11 34 51 25 18 24 60 31 16 15 16 15 21 48 37 28 24 25 21 17 21 32 25 19 20 23 20 15 17 24 
22 25 25 22 17 14 15 17 28 26 25 23 21 22 29 29 24 25 24 22 21 27 36 27 31 26 19 12 10 16 28 31 37 31 32 29 21 14 13 18 108 34 15 10 8 20 52 79 25 9 6 7 21 80 102 53 31 15 8 6 10 38 73 57 41 18 14 18 23 27 30 32 124 62 9 4 5 9 19 60 71 33 14 11 18 47 57 42 21 10 8 11 16 42 67 47 31 13 7 8 14 24 37 44 83 32 10 6 6 12 32 69 63 37 21 13 9 11 22 44 19 19 22 22 18 18 22 22 
15 7 6 14 46 19 8 10 35 10 5 25 108 29 5 7 137 28 4 6 17 5 4 32 50 11 4 6 14 11 8 19 20 10 7 16 53 20 10 13 44 11 5 38 133 35 4 6 147 35 4 8 21 5 2 26 64 13 6 9 18 12 7 17 21 13 8 17 53 18 9 13 42 5 3 27 134 48 6 11 147 26 3 4 22 10 4 36 64 16 8 12 17 9 5 14 18 12 8 16 43 14 6 9 31 7 5 26 109 30 5 9 133 33 5 5 19 8 4 26 51 19 9 10 13 6 4 12 
19 21 17 22 50 37 12 9 55 46 22 13 16 15 18 30 35 34 23 15 17 23 27 27 26 24 17 12 18 23 21 21 22 10 8 21 85 76 18 11 113 29 8 7 19 24 31 75 40 17 10 11 29 63 60 45 31 25 15 12 21 33 33 30 17 7 5 15 94 92 21 10 117 62 12 7 31 38 15 30 61 43 24 21 34 43 24 20 26 20 13 14 27 39 30 24 11 12 10 20 70 60 15 8 60 36 10 11 42 46 21 24 61 49 21 14 16 17 15 23 21 21 18 18 24 24 16 15 
24 23 22 20 17 17 20 22 34 21 17 16 16 25 44 48 26 14 11 11 14 34 66 57 23 13 10 10 16 34 51 42 42 30 28 26 23 20 17 21 115 37 13 9 7 16 47 90 33 13 17 25 28 55 85 66 23 19 24 29 31 40 47 36 41 19 15 18 24 30 31 31 115 85 44 18 9 10 15 38 29 55 85 73 33 18 13 12 22 38 56 49 29 18 16 15 24 20 18 17 18 21 24 25 38 40 34 23 18 18 21 27 24 38 48 36 22 18 18 19 22 30 36 30 18 14 16 18 
26 35 40 31 18 12 13 18 24 44 63 50 25 13 11 14 31 49 54 39 24 15 13 16 27 30 28 23 20 20 18 21 23 28 35 37 32 24 21 20 23 41 74 83 61 28 11 9 113 79 51 27 12 10 13 39 44 27 21 24 26 29 29 32 24 20 19 23 33 37 33 29 24 10 11 28 69 88 59 33 114 45 19 13 14 25 37 70 41 38 39 36 27 19 15 19 23 22 19 19 21 24 24 23 21 19 19 24 35 43 35 25 36 28 22 21 25 29 29 33 27 29 27 23 18 16 17 21 
17 16 17 19 18 15 15 17 25 18 17 19 20 19 21 28 43 15 12 11 10 13 41 78 34 11 7 5 5 17 63 78 23 19 18 19 20 18 18 22 55 28 26 29 29 21 15 22 127 36 9 6 5 7 33 107 54 15 8 7 11 29 73 91 22 20 19 19 21 19 17 19 59 22 15 22 29 27 23 28 128 94 17 4 4 6 10 43 73 77 41 17 12 14 18 29 15 14 12 13 19 22 19 17 34 24 15 14 18 20 21 25 78 77 22 7 7 10 14 29 57 77 41 13 7 6 9 19 
13 10 12 15 22 35 40 25 20 14 13 16 30 43 40 29 41 17 11 9 12 23 49 61 19 13 10 9 15 35 53 37 29 16 11 13 26 45 55 44 34 14 12 33 85 74 34 21 117 35 9 10 16 20 36 75 27 11 10 20 41 59 56 36 37 38 32 27 28 25 23 28 28 15 18 44 95 71 23 16 116 67 24 15 19 19 15 38 32 37 42 45 41 26 14 13 22 31 34 27 21 16 13 14 19 23 31 40 45 29 16 14 46 49 30 20 21 19 17 23 26 36 36 26 18 14 13 16 
37 22 13 15 20 10 7 15 83 32 10 10 15 12 13 36 52 26 12 21 44 25 15 23 81 33 9 8 13 10 11 33 49 22 14 19 26 15 9 16 126 30 6 7 14 15 15 57 58 18 8 26 82 55 21 27 109 45 9 8 15 9 9 43 49 17 9 14 26 20 15 23 126 54 14 14 15 8 7 33 58 27 20 49 83 32 9 18 108 43 8 8 16 10 10 44 37 15 8 9 19 17 15 23 85 36 12 11 15 11 12 35 52 24 14 23 45 22 14 27 79 32 10 9 15 10 10 34 
84 26 7 7 12 9 9 35 54 21 12 21 43 23 14 28 86 31 12 12 16 11 12 36 38 14 8 9 19 18 16 24 113 37 6 7 14 8 7 45 61 23 17 49 80 30 9 19 126 46 12 14 15 8 8 33 50 15 9 15 27 21 15 23 112 43 8 8 14 7 6 37 62 19 9 31 80 48 17 23 126 32 7 8 16 14 12 47 50 21 15 22 28 15 9 17 84 33 9 9 13 8 7 26 54 27 14 23 46 21 11 20 89 36 13 11 16 11 10 31 39 23 15 19 21 10 7 14 
20 9 5 7 11 5 4 8 111 21 4 4 5 3 4 19 166 25 2 1 2 2 3 36 68 11 3 3 10 7 7 18 26 11 6 8 12 6 5 11 131 26 6 5 7 5 4 17 170 34 2 1 2 2 2 28 84 13 4 5 12 7 6 17 26 11 6 6 12 7 5 10 134 17 4 4 7 5 5 26 170 24 2 2 2 1 2 37 84 15 5 7 12 5 4 14 20 8 4 5 11 7 6 9 116 18 3 3 5 4 4 22 167 31 2 2 2 1 2 28 67 15 5 7 10 3 3 11 
52 27 13 12 12 6 6 18 111 40 9 7 13 8 9 42 31 12 11 35 81 32 12 17 13 10 13 29 53 21 8 8 66 28 14 14 14 9 8 19 135 38 6 6 16 11 8 52 38 8 8 44 117 51 11 17 16 12 14 32 62 24 11 12 67 19 8 10 14 13 14 30 135 50 9 13 17 5 6 39 36 16 12 60 117 36 7 7 17 11 11 28 59 27 14 14 54 17 6 7 11 11 13 31 107 36 10 12 16 7 8 42 26 15 13 39 81 29 9 11 14 9 9 23 48 23 12 11 
24 22 20 19 16 10 9 14 93 64 18 8 7 5 8 28 112 63 8 4 5 7 11 42 32 16 8 9 17 18 16 23 28 19 13 15 19 17 20 24 96 63 19 10 12 13 20 30 131 94 8 3 4 4 7 34 48 22 12 14 19 17 13 19 32 16 9 10 16 21 37 41 70 15 6 6 9 19 62 98 127 25 6 4 4 5 27 110 45 19 15 16 18 14 11 22 34 14 7 7 12 19 34 41 70 21 9 6 6 10 36 78 73 25 13 9 8 8 19 65 25 16 15 16 16 11 11 17 
20 11 8 28 79 24 6 8 96 33 9 13 28 12 8 30 32 12 9 29 73 31 11 16 25 14 10 21 42 17 8 11 26 8 6 36 110 34 5 8 128 27 5 12 37 15 7 44 42 8 6 39 110 48 10 17 34 16 11 24 49 21 9 17 26 7 5 33 109 37 6 8 128 45 9 17 37 12 5 25 40 17 13 56 106 31 6 9 35 15 9 19 46 23 12 20 19 7 7 24 79 28 8 10 90 30 9 12 31 14 9 30 32 15 12 29 67 25 9 14 28 11 8 16 38 19 10 16 
69 19 5 7 9 4 3 14 160 38 3 2 2 1 2 32 107 21 5 4 6 5 6 25 17 9 6 7 12 10 7 8 85 19 6 7 11 6 4 17 164 30 3 2 2 2 2 42 126 19 7 7 8 7 7 29 21 12 8 9 13 9 8 10 85 17 4 5 10 7 5 19 164 41 3 2 2 2 3 32 125 30 9 7 9 7 6 20 21 11 8 9 14 9 8 11 70 14 3 4 8 6 6 20 159 31 2 2 2 2 3 42 104 25 6 5 7 4 6 22 17 10 7 10 13 7 7 8 
19 6 4 24 114 19 3 4 130 29 5 8 26 4 2 24 90 18 5 5 7 6 7 25 18 7 6 9 17 11 9 10 23 5 3 29 134 26 3 5 140 20 3 8 32 6 3 35 107 17 6 8 10 9 9 27 22 10 8 12 20 11 8 10 24 4 3 29 132 27 3 5 140 32 3 6 31 7 3 22 105 26 10 10 10 7 6 17 22 10 9 13 20 10 7 10 20 4 3 22 112 21 4 7 130 22 3 4 24 7 4 31 88 22 7 7 7 5 6 20 17 8 9 12 17 8 6 8 
