50
128
16 16 21 25 21 15 16 16 25 20 22 24 21 19 23 27 49 18 14 13 12 14 40 79 38 14 9 7 9 20 62 79 21 19 22 26 22 18 20 22 51 31 32 34 28 22 18 22 124 49 16 9 5 7 32 103 50 25 31 34 25 30 59 76 22 19 20 23 21 21 23 23 50 19 16 23 27 33 38 38 119 92 57 19 7 8 15 42 28 60 107 73 19 7 7 11 18 15 15 16 17 20 22 21 29 23 21 20 19 20 26 28 25 39 45 27 18 17 21 22 18 30 54 29 12 12 17 19 
31 36 22 16 13 8 7 12 93 85 23 7 5 4 5 20 102 81 14 6 5 6 7 24 28 20 11 12 17 16 12 15 34 30 16 13 16 14 13 18 92 83 28 11 10 9 9 20 132 101 13 4 3 3 5 31 50 24 13 13 17 17 14 20 32 25 15 12 17 16 14 20 99 31 12 9 10 12 20 64 132 47 9 4 3 4 9 87 48 28 21 18 17 14 11 19 24 18 11 10 16 18 15 16 83 47 14 6 7 8 11 36 104 80 25 8 4 3 5 32 34 44 31 18 12 7 6 11 
20 10 9 11 17 8 6 9 84 23 8 7 8 5 6 18 131 24 3 4 24 8 5 30 21 4 3 20 113 23 4 6 25 13 10 12 20 10 7 11 100 28 11 11 12 8 5 16 142 33 3 6 31 7 3 22 27 4 3 27 134 27 3 5 25 12 8 11 20 12 10 12 102 17 6 8 12 11 11 28 142 20 3 8 32 6 3 35 26 5 3 29 135 25 3 4 20 9 6 8 18 11 9 10 88 18 5 5 9 7 8 24 131 29 4 8 26 4 3 25 20 6 4 25 115 19 3 4 
31 24 16 12 14 22 32 33 23 18 17 17 26 47 52 36 13 12 13 16 32 59 61 28 14 15 12 11 18 43 49 23 40 49 41 26 15 13 16 25 34 47 75 70 35 18 15 16 103 49 32 20 16 34 50 56 19 8 6 11 34 84 78 32 25 36 38 28 20 17 15 16 54 28 35 43 30 23 23 29 119 73 24 12 8 10 16 56 34 36 35 37 44 46 27 18 18 19 17 17 20 22 21 17 36 33 21 16 17 20 22 25 63 74 37 15 10 10 13 22 28 50 48 31 18 12 10 12 
20 6 4 22 116 19 3 4 135 29 4 7 25 4 2 22 90 18 5 5 8 6 7 22 17 7 6 8 17 11 8 9 25 4 3 27 135 26 3 5 144 20 3 7 31 5 3 33 107 15 5 7 10 9 9 26 21 9 7 10 20 11 8 10 25 4 3 26 135 27 3 5 144 30 2 5 31 7 2 21 107 24 8 9 10 7 5 16 21 9 8 11 20 10 7 9 20 4 3 20 114 20 3 6 135 22 2 4 25 7 4 29 89 21 7 6 7 5 5 18 16 8 8 11 18 7 6 7 
21 18 18 21 18 11 10 15 85 47 16 10 8 6 10 37 105 46 7 4 6 9 19 59 34 14 6 8 17 22 24 33 28 16 12 15 19 18 22 28 94 51 16 11 12 16 25 36 128 83 8 3 4 6 10 44 49 21 11 13 21 23 19 25 34 13 7 9 14 20 44 53 55 11 5 5 8 23 82 103 121 26 6 4 3 7 39 109 46 23 17 16 17 15 13 24 39 13 7 5 8 16 39 54 57 18 9 6 5 11 46 83 51 18 14 11 9 11 29 64 23 16 16 17 16 12 14 19 
40 20 12 16 22 9 7 15 100 32 8 9 14 9 9 37 42 13 8 26 64 28 12 20 76 21 7 11 18 9 9 33 51 21 12 20 29 13 7 16 129 31 6 8 17 12 8 48 56 11 6 34 100 45 11 23 107 26 6 10 18 9 9 49 50 15 8 15 27 18 13 23 128 49 13 16 17 6 5 31 61 22 17 54 90 24 7 20 112 29 6 8 16 8 9 52 39 13 6 9 19 15 13 23 89 32 10 12 16 9 10 35 54 19 11 23 49 19 12 29 86 25 8 9 13 7 8 39 
22 15 17 26 21 15 16 23 20 16 25 47 39 20 16 20 51 29 22 26 21 13 16 35 36 16 10 11 14 14 19 34 23 20 29 51 32 13 14 22 24 26 53 113 67 11 6 9 122 69 34 28 11 5 8 36 51 19 12 17 18 17 20 33 13 17 38 79 49 12 7 10 54 15 27 98 71 12 9 25 128 40 9 11 9 4 7 62 53 25 18 23 21 13 11 23 9 11 21 55 50 19 10 9 62 19 14 33 35 15 18 43 107 38 11 8 7 5 11 58 38 24 17 21 18 10 10 23 
21 22 23 22 16 14 17 19 29 22 22 21 19 21 32 35 29 23 19 17 17 25 40 38 35 24 14 10 9 15 30 39 37 30 30 28 21 15 14 20 108 34 13 9 8 19 52 80 30 9 5 7 19 69 99 61 34 15 8 7 10 30 64 62 38 16 13 18 23 30 37 37 123 59 8 5 4 9 24 69 72 31 13 12 18 40 54 47 24 10 9 11 15 33 60 50 28 10 5 6 12 26 50 56 72 17 6 5 6 14 47 91 55 22 14 12 10 14 30 56 18 14 17 20 17 18 24 26 
8 8 9 18 58 59 18 8 61 39 15 16 42 37 12 15 110 54 9 5 9 10 10 37 34 19 9 10 22 26 17 21 12 10 7 12 54 82 33 13 55 22 6 13 79 103 23 13 129 59 6 5 11 13 9 39 47 20 11 15 29 30 17 21 22 21 13 14 34 51 25 16 24 8 5 10 70 115 51 24 123 31 7 5 12 30 36 70 46 25 16 19 28 22 12 18 21 23 16 15 21 24 14 13 18 19 15 19 40 47 23 15 52 32 14 13 22 25 21 29 32 28 16 16 18 14 10 14 
28 60 60 30 12 6 6 10 55 88 57 19 8 7 8 14 37 44 28 20 18 20 17 18 18 21 18 18 21 25 19 15 35 43 47 37 26 18 12 15 121 75 30 11 5 5 9 57 62 37 43 42 25 18 19 31 25 41 44 29 19 17 14 14 39 21 16 18 24 31 34 33 107 77 55 22 9 9 14 38 31 61 98 71 20 7 5 9 37 59 58 30 12 8 9 16 23 21 18 16 18 25 27 24 26 34 37 27 24 23 21 21 31 42 44 29 18 16 18 22 37 44 33 18 9 9 13 22 
49 22 11 11 13 7 6 16 111 35 7 6 14 10 10 42 29 11 9 28 78 35 12 16 14 11 12 23 48 20 8 8 64 23 12 13 16 9 7 17 138 31 4 5 17 14 9 54 38 6 6 32 119 62 12 18 16 12 12 26 61 26 9 10 65 18 7 10 17 13 11 23 139 49 5 9 17 6 5 34 42 15 8 45 123 46 7 7 15 10 9 25 67 30 12 11 52 16 5 7 14 11 11 25 124 39 6 7 13 6 7 41 33 16 10 33 92 34 8 10 12 7 7 21 58 27 11 9 
30 13 8 14 34 18 11 18 33 13 9 24 72 29 10 14 96 25 6 9 29 16 11 36 21 8 5 21 79 32 9 11 42 19 9 16 38 19 13 24 44 15 9 42 108 36 7 10 128 36 6 13 38 14 6 30 27 7 4 30 111 41 7 9 42 23 12 19 38 16 10 21 44 10 6 34 108 45 9 15 129 29 5 12 39 14 6 38 27 9 6 37 111 33 5 7 30 19 12 18 34 14 8 13 34 13 10 28 71 25 9 14 99 36 9 14 30 11 6 26 21 12 9 32 82 22 5 8 
28 26 24 23 20 15 14 20 43 40 31 22 18 16 18 28 53 37 21 19 24 22 25 38 16 12 14 34 56 34 21 17 32 27 24 26 25 20 21 27 46 48 48 44 35 24 17 19 112 72 27 20 24 16 14 37 21 11 15 58 91 43 14 12 36 22 17 19 24 26 31 38 42 14 11 19 34 51 64 59 106 30 17 32 33 20 34 72 16 11 23 77 92 26 7 8 36 21 13 13 17 21 26 33 44 25 17 17 21 25 36 47 31 20 22 42 48 27 23 30 11 8 15 45 61 30 15 12 
29 22 17 21 20 9 8 14 114 37 10 9 6 3 6 57 103 27 7 4 5 7 14 61 22 13 9 9 15 17 18 19 46 19 15 21 21 13 11 21 131 34 7 6 4 3 6 85 106 37 25 12 9 7 11 53 26 28 25 16 17 12 9 13 42 20 12 15 18 16 18 23 122 103 32 6 4 5 8 29 56 104 82 19 6 4 5 10 28 56 55 21 13 7 6 9 26 18 13 11 13 15 17 21 53 53 24 9 9 12 18 27 43 73 49 12 6 9 14 18 28 52 48 18 8 6 9 12 
17 12 13 17 30 34 27 19 20 16 16 28 56 42 19 15 71 32 15 12 14 11 19 51 39 21 12 8 11 19 30 39 28 25 20 22 36 35 30 25 31 13 14 52 104 56 16 11 122 35 9 11 16 9 17 69 49 19 13 12 18 29 39 46 24 43 52 41 28 14 10 12 31 19 30 66 92 37 11 11 122 82 25 10 14 9 9 34 44 57 51 27 18 15 12 16 12 25 39 31 23 17 12 8 17 27 38 43 35 19 13 10 51 77 40 15 11 9 10 15 31 63 54 19 8 6 8 12 
22 20 19 21 22 17 16 20 34 20 15 15 19 27 41 46 20 16 14 16 28 47 45 30 21 19 17 18 22 22 19 19 45 25 23 27 28 20 14 21 121 31 10 9 14 30 55 99 21 8 8 31 96 104 67 36 20 18 18 27 45 36 22 20 46 21 15 21 27 26 23 26 121 94 48 30 15 10 11 35 22 33 60 107 100 32 9 9 21 19 22 38 45 25 18 19 27 20 16 17 20 20 20 24 42 46 37 27 20 15 16 24 19 25 41 52 36 19 15 16 21 19 20 24 23 17 17 20 
24 21 15 16 19 15 12 15 57 41 18 12 15 15 15 28 50 26 10 11 35 51 32 34 13 14 9 14 51 64 19 9 29 24 14 16 23 23 18 19 70 49 29 24 26 22 14 19 119 55 13 8 26 43 23 44 17 7 4 11 89 107 25 12 29 27 16 16 24 24 19 17 69 25 14 17 26 31 28 37 125 46 8 6 17 19 15 63 28 14 7 20 95 89 16 12 21 19 12 13 23 23 16 14 53 35 16 12 16 18 16 26 97 70 18 10 10 8 9 30 29 30 17 27 58 36 10 9 
12 12 15 20 27 32 27 17 22 20 18 19 26 33 30 24 28 17 14 12 17 33 52 48 14 15 13 11 19 44 45 22 21 13 10 14 31 50 47 33 40 19 15 25 61 69 31 21 116 35 10 9 15 33 49 78 19 9 8 18 55 90 63 27 32 26 18 18 31 41 34 32 30 13 11 25 75 89 40 21 113 72 29 17 20 26 21 38 26 37 42 51 58 43 17 10 26 28 23 22 27 25 18 19 19 21 23 34 51 42 21 15 36 42 27 22 29 28 21 21 23 35 33 27 24 20 15 15 
17 16 18 20 18 20 22 19 60 32 18 12 9 13 23 41 83 27 8 5 6 14 37 75 30 12 7 8 15 27 44 46 19 8 7 9 16 46 70 46 70 28 11 10 18 57 61 40 124 57 8 5 6 11 21 61 41 18 13 18 27 31 32 32 29 13 7 5 10 43 75 59 25 8 4 5 20 94 105 48 107 32 10 7 9 27 58 76 38 29 24 23 23 19 15 19 31 24 15 9 11 19 28 32 23 23 16 15 23 36 40 25 26 22 16 16 22 29 32 27 21 23 20 17 16 17 15 16 
33 22 18 21 17 10 11 21 97 33 11 9 7 6 15 64 75 22 13 15 10 12 28 65 14 12 22 43 34 23 20 18 50 25 20 23 21 14 12 22 127 40 12 9 5 4 10 71 65 23 49 86 30 9 14 38 12 22 63 87 34 9 6 9 46 19 13 16 21 19 20 30 117 78 44 24 8 6 9 32 25 31 78 108 35 9 8 13 22 22 46 57 23 10 14 25 31 15 12 13 16 14 18 29 47 29 23 20 17 14 18 38 24 17 26 35 27 19 23 32 21 13 16 23 19 15 20 29 
33 47 42 24 11 8 10 18 32 48 58 40 18 11 11 19 27 40 52 41 23 13 12 18 23 25 28 26 21 18 17 21 29 54 57 36 16 9 9 14 29 59 97 73 23 8 5 9 106 73 58 27 9 7 12 41 38 22 21 26 27 27 30 34 22 38 44 34 20 15 12 13 54 35 40 42 27 20 19 29 118 75 38 16 7 6 11 52 30 40 60 51 29 16 12 14 16 21 22 21 20 21 16 13 33 43 32 19 15 15 15 18 41 75 61 22 9 7 9 14 21 48 62 34 12 7 8 12 
16 7 5 14 44 15 7 11 33 9 5 26 112 27 4 7 137 26 4 7 18 5 4 30 51 11 4 6 13 10 7 18 21 10 7 17 52 17 8 13 43 10 5 42 136 30 3 5 149 34 4 9 22 4 2 25 65 12 5 9 16 11 7 17 22 12 7 18 53 16 8 12 44 5 3 29 137 43 5 10 149 24 2 4 22 9 3 34 64 15 7 11 16 8 5 14 18 11 7 17 44 13 6 9 33 6 4 27 114 28 5 9 139 30 3 4 19 7 3 26 52 17 7 10 13 5 4 12 
71 19 5 6 9 4 3 14 161 38 3 2 2 1 2 32 106 20 5 4 6 5 6 25 17 9 6 7 12 10 7 9 87 19 5 7 10 5 4 17 165 29 2 2 2 2 2 42 125 18 6 7 9 7 8 29 22 12 8 9 14 9 8 10 87 17 4 5 10 7 5 19 165 41 3 2 2 2 2 31 124 29 8 7 9 7 7 19 22 11 8 9 14 9 8 11 72 14 3 3 8 6 5 19 161 31 2 2 2 2 3 40 104 25 6 5 7 5 6 21 17 9 7 9 13 7 7 8 
25 55 58 26 12 8 7 9 51 93 69 18 6 5 6 13 26 71 84 38 12 9 9 10 13 47 73 39 17 11 9 7 36 33 38 31 26 19 11 13 116 59 26 11 9 11 16 52 31 34 47 47 57 42 26 20 21 51 68 36 19 14 15 14 39 15 11 17 28 31 27 27 115 54 20 13 11 10 13 41 33 25 31 52 63 37 20 17 25 23 20 20 26 30 34 30 28 17 13 14 20 22 22 24 61 36 18 13 15 15 18 36 34 26 23 24 27 22 23 28 21 16 17 17 20 24 27 24 
24 14 10 13 19 9 7 12 69 25 10 10 13 8 8 23 128 33 5 4 5 3 5 42 113 24 3 3 6 5 6 35 32 16 11 14 21 12 10 15 88 27 13 15 19 12 10 25 138 39 6 5 6 5 7 40 128 31 5 4 7 4 5 37 32 16 10 12 21 14 11 15 88 25 9 11 18 16 13 27 138 38 7 6 6 5 6 41 128 37 5 5 7 4 4 31 24 11 7 9 18 14 10 13 72 23 8 7 12 10 10 26 128 37 5 3 5 4 6 38 110 31 7 5 7 3 4 26 
24 22 21 20 17 18 20 21 37 21 16 16 16 25 41 47 23 13 11 11 17 37 64 53 21 12 10 10 15 33 51 41 40 28 28 27 25 21 17 21 116 36 13 9 7 16 44 89 32 12 15 19 25 58 87 66 21 15 18 21 28 45 56 40 39 19 16 19 26 30 30 28 115 88 45 16 8 10 14 35 32 65 89 60 24 18 15 13 23 40 54 44 27 20 19 17 21 20 20 18 19 21 23 21 37 45 36 22 17 18 19 23 27 49 55 31 16 14 15 17 24 37 44 30 16 12 13 16 
26 25 18 21 24 16 11 14 45 34 18 16 19 20 23 31 71 59 19 11 12 18 19 29 75 56 14 7 10 14 15 31 40 24 19 25 30 22 13 17 112 28 8 8 12 25 39 74 56 35 11 14 49 75 49 36 95 81 20 9 11 11 10 30 41 17 10 16 31 33 24 25 118 62 16 12 13 13 13 39 45 35 26 43 72 51 15 15 76 65 19 12 19 18 14 29 30 17 10 12 23 27 22 24 68 41 16 12 15 18 20 37 39 33 21 25 38 29 18 21 45 37 16 13 21 20 16 23 
34 24 19 21 21 11 9 17 106 42 12 9 9 7 11 55 44 14 13 46 70 30 19 32 11 10 15 50 67 23 8 8 48 22 17 24 28 18 12 20 128 41 10 11 14 7 7 67 45 11 13 88 113 29 9 23 16 12 16 57 67 20 11 15 43 18 12 18 27 23 20 25 122 83 41 30 13 6 8 29 23 29 50 108 86 13 6 8 21 15 18 39 41 18 15 22 26 18 14 15 19 17 17 22 40 39 30 26 20 13 14 24 21 23 31 45 33 14 13 18 21 14 15 23 23 14 15 21 
17 32 41 31 20 14 11 11 37 70 57 27 12 8 8 13 67 92 51 16 7 5 6 17 54 62 33 14 10 11 11 21 18 22 25 27 30 32 25 18 38 48 46 37 34 28 16 14 117 83 30 10 5 5 9 40 79 55 25 13 11 12 18 39 21 19 17 20 30 40 33 23 35 15 13 20 38 57 49 37 116 52 16 8 7 13 24 64 68 60 34 19 12 11 14 29 19 17 15 17 24 32 27 20 27 22 16 17 25 34 33 29 55 43 19 12 14 18 24 37 50 47 24 13 10 10 14 28 
19 18 16 22 55 39 12 9 59 44 21 13 16 15 17 32 35 30 20 14 17 23 27 29 24 21 16 12 18 23 22 21 21 10 8 21 91 78 16 10 115 29 8 7 20 23 28 74 43 16 9 11 28 58 57 47 29 21 13 12 22 32 34 31 16 7 4 15 99 93 19 9 117 62 12 7 33 38 14 29 64 44 24 21 31 37 22 20 26 18 12 14 26 35 28 25 11 12 10 20 74 61 14 7 61 36 10 11 45 46 19 23 63 50 21 13 15 15 14 24 22 20 18 18 23 21 15 15 
19 10 10 13 16 22 41 38 24 10 10 12 18 31 55 51 44 11 7 7 9 18 62 86 32 10 5 5 8 19 63 71 35 18 13 13 17 24 44 53 39 22 24 40 55 41 34 30 120 49 14 10 9 10 27 70 52 16 9 11 16 22 47 60 38 29 22 20 22 20 22 32 39 15 14 31 64 53 30 29 123 39 7 6 10 13 19 64 70 29 15 15 16 13 18 38 27 22 17 17 20 18 18 23 40 21 15 20 33 26 24 34 91 31 9 7 10 12 20 60 55 24 13 13 14 10 15 37 
86 26 7 7 12 8 8 35 56 21 12 21 44 22 13 28 89 32 11 11 16 10 11 34 39 14 7 9 19 18 15 22 115 37 6 7 14 8 7 45 62 23 17 48 80 30 8 19 126 45 12 14 15 8 7 32 50 15 9 15 27 21 14 21 114 42 7 8 14 7 6 38 62 19 9 30 79 48 17 23 126 31 7 8 16 14 12 46 49 21 15 22 28 15 8 16 86 33 8 9 13 7 7 26 55 27 14 23 46 21 11 20 89 35 13 12 16 11 9 30 39 22 15 20 21 9 7 14 
30 44 45 18 9 8 13 18 30 47 53 20 10 12 19 21 31 38 32 15 12 15 22 24 19 15 14 14 16 17 20 18 26 58 74 34 12 6 7 11 33 84 112 48 8 4 5 8 114 102 55 12 5 5 9 24 37 18 12 18 22 19 19 21 21 30 42 31 21 15 13 13 85 33 41 29 13 10 17 48 128 39 9 7 6 3 8 80 45 17 14 23 26 15 12 21 19 13 11 14 19 23 24 22 85 23 8 7 8 11 23 64 108 35 11 9 8 4 10 64 30 20 17 21 22 11 10 19 
54 61 29 11 8 8 10 21 51 52 22 16 27 30 21 24 15 15 16 30 55 51 25 15 19 19 18 22 30 29 19 16 61 67 37 17 13 12 11 19 119 74 19 8 13 21 17 42 26 10 9 27 77 84 35 19 20 18 17 23 40 44 30 21 62 24 11 10 14 21 34 58 121 49 15 10 10 9 17 70 34 23 24 41 70 56 20 14 16 14 14 24 44 50 33 20 51 26 12 9 10 14 26 48 66 42 23 16 14 12 18 49 26 29 30 33 36 26 16 18 13 15 20 29 36 30 18 13 
8 7 11 42 81 36 11 7 28 23 20 35 47 21 10 14 74 35 15 12 13 11 16 44 39 19 11 14 21 20 20 31 7 6 11 50 102 50 12 6 38 25 23 48 71 32 9 10 121 52 14 11 11 9 13 48 46 19 13 22 32 29 24 31 6 6 11 46 104 53 12 6 38 10 9 31 72 47 23 25 121 48 12 10 11 10 14 53 48 30 21 28 32 21 14 21 7 7 11 35 84 43 11 7 29 14 10 21 49 35 21 24 76 43 15 12 13 12 15 37 43 31 19 19 20 13 12 22 
17 15 15 17 16 12 10 13 40 22 16 15 14 11 14 29 77 20 10 7 6 8 28 85 46 13 7 5 7 19 47 73 21 17 15 16 18 16 14 17 74 32 21 19 17 15 13 24 133 38 7 4 3 6 22 98 62 17 7 8 13 29 52 75 21 17 14 14 18 18 16 17 74 24 12 14 17 19 21 31 134 97 13 3 2 4 8 44 75 76 30 13 13 15 17 26 15 13 11 11 17 20 16 14 39 29 15 11 14 15 16 20 87 98 24 6 5 6 9 20 60 91 44 12 6 4 5 14 
21 19 15 17 21 18 14 15 35 23 14 13 17 23 30 35 20 20 14 14 22 39 34 22 18 22 16 13 19 25 18 14 38 20 17 22 29 22 14 18 117 22 7 6 10 28 52 90 21 8 5 8 51 112 75 33 17 18 12 13 31 57 34 17 42 18 11 17 31 29 19 20 127 72 8 4 10 13 11 38 59 33 11 13 67 98 33 17 10 9 7 14 55 86 40 14 27 19 11 12 24 24 16 18 101 65 13 6 9 11 11 31 66 57 26 19 34 30 13 18 9 12 15 26 57 54 19 9 
21 21 22 20 18 16 19 20 45 35 25 17 14 15 22 31 60 32 15 11 12 18 34 48 22 14 13 14 22 32 37 27 26 19 16 17 21 29 38 34 53 38 29 26 28 37 32 25 116 61 17 9 9 13 22 52 31 15 17 30 41 41 36 25 34 29 24 14 16 27 46 44 31 19 23 20 30 64 75 46 104 48 45 26 12 16 33 60 22 28 66 64 35 17 11 10 22 39 52 28 13 10 14 17 16 45 80 51 18 11 14 12 15 47 88 55 16 7 9 9 14 33 68 45 14 7 8 10 
16 26 59 58 24 12 13 15 13 27 66 73 39 18 13 11 14 21 42 56 40 24 18 15 22 23 30 31 23 15 15 19 19 28 75 86 39 13 6 7 106 46 48 39 17 17 25 50 25 11 14 33 63 70 49 30 27 20 20 25 30 29 29 30 28 14 21 39 44 39 33 27 114 59 26 19 13 13 20 48 32 28 38 60 62 34 16 16 25 19 21 28 31 28 26 28 21 15 15 18 25 31 34 29 41 29 24 23 21 21 28 39 27 26 29 35 31 22 21 25 21 18 22 27 24 18 19 23 
19 10 8 29 81 24 7 8 92 32 9 13 30 12 9 29 30 12 9 28 70 31 11 15 24 14 10 21 41 17 8 10 25 8 6 38 112 33 5 7 128 27 5 12 38 15 7 43 41 8 6 36 108 51 11 17 32 17 11 23 48 22 10 16 25 7 5 34 112 38 6 8 128 44 8 15 38 13 5 26 41 17 12 51 106 35 7 9 33 15 8 18 48 25 13 20 18 7 6 24 82 28 8 10 92 30 8 11 31 14 9 31 33 16 11 28 68 27 9 13 26 11 7 16 41 21 10 15 
13 7 13 60 75 20 10 13 66 21 16 44 48 11 10 37 63 20 12 15 15 13 21 50 20 14 14 22 24 19 17 19 17 9 19 93 99 15 4 8 118 29 13 38 35 7 10 62 64 19 21 38 33 20 22 43 23 20 27 36 28 16 14 19 22 10 16 80 93 20 7 11 116 72 26 23 20 7 7 32 45 44 54 56 28 12 10 17 27 24 32 33 22 13 14 24 20 9 10 38 58 22 14 22 66 31 14 13 15 13 19 49 37 27 24 24 17 15 22 31 23 18 20 22 18 13 16 22 
18 7 6 8 11 6 5 8 114 19 4 4 5 3 4 20 171 23 1 1 2 2 4 41 53 9 3 4 11 9 9 18 23 10 6 8 13 7 6 11 137 26 6 5 7 5 4 17 174 36 2 1 2 2 2 29 67 11 5 6 14 9 8 15 23 10 6 7 13 8 6 10 138 16 4 4 7 5 5 27 174 25 2 1 2 1 2 39 66 14 7 9 14 7 5 12 18 8 5 5 11 8 6 9 117 18 4 3 5 4 5 23 171 36 3 2 1 1 2 28 50 16 9 10 12 4 4 9 
24 16 16 24 27 23 24 28 20 14 19 39 50 33 24 24 53 23 17 23 25 19 24 49 25 13 13 25 37 29 25 31 33 27 26 37 34 20 21 32 29 19 32 85 85 27 12 14 116 45 21 28 24 13 16 56 27 11 17 62 78 37 19 22 26 32 40 50 36 15 11 17 39 17 25 70 79 30 14 20 115 59 37 41 23 9 9 37 18 17 40 96 70 15 6 8 14 19 28 38 30 17 13 12 25 23 27 39 33 19 15 20 36 40 43 41 22 11 11 19 16 14 29 50 29 13 12 17 
24 28 28 24 20 15 14 15 54 41 23 14 15 16 22 34 28 24 21 22 29 29 29 27 18 21 22 21 23 23 22 19 34 27 27 30 33 30 17 15 115 45 14 9 11 15 23 59 32 15 18 36 60 54 35 28 23 26 30 29 29 25 21 20 23 8 7 12 29 63 72 35 109 46 19 12 12 27 50 59 28 25 37 55 61 42 28 19 24 22 23 22 27 32 37 31 17 11 8 7 13 47 77 43 19 9 9 10 20 56 89 56 15 10 12 15 29 60 68 38 16 12 11 13 22 40 51 31 
25 24 25 27 22 17 17 22 20 28 46 53 37 19 14 16 35 39 39 35 26 17 16 22 27 22 18 19 20 20 21 25 22 24 28 38 41 27 19 19 21 33 64 97 86 31 8 8 117 80 47 29 14 11 13 39 43 21 16 20 26 31 30 33 22 19 18 24 42 41 28 23 21 8 9 31 90 100 55 29 118 40 14 10 15 28 40 79 44 32 29 29 27 22 17 22 22 21 20 20 24 25 20 20 19 16 17 23 42 51 36 23 43 26 17 17 22 29 33 41 29 27 22 21 19 17 17 21 
17 20 29 33 26 19 17 17 22 27 36 35 27 21 19 19 38 28 25 21 17 21 28 36 28 21 17 14 16 23 32 34 18 23 35 40 33 24 18 16 33 37 49 54 38 24 15 14 113 56 23 13 9 14 25 54 37 18 14 17 25 39 48 43 16 13 19 24 30 41 45 29 29 10 11 20 28 52 77 55 109 39 13 8 8 18 49 76 45 34 28 24 21 25 29 34 19 9 7 8 15 42 67 45 22 8 6 6 13 46 90 66 30 13 8 9 15 40 76 64 27 18 15 14 16 27 43 42 
32 25 17 13 13 9 10 19 66 32 18 11 8 8 19 55 49 20 16 9 7 12 42 71 25 12 11 7 10 19 41 45 49 27 19 16 15 12 11 22 126 32 9 5 3 5 25 101 61 12 6 5 7 19 71 97 25 10 7 7 14 23 49 49 51 24 12 12 18 18 14 20 131 87 7 3 3 5 6 34 104 56 13 7 9 12 22 34 24 13 10 13 18 17 22 26 33 18 8 8 16 19 14 19 116 66 7 3 5 8 8 32 101 67 17 7 5 4 6 24 22 20 19 19 15 9 8 12 
18 14 14 19 19 12 11 15 54 20 13 14 13 11 16 38 98 19 6 5 7 10 29 90 31 8 7 22 47 36 32 38 26 19 16 19 19 13 13 19 87 38 22 19 16 12 12 28 129 52 10 11 13 8 14 67 32 12 16 66 90 35 16 20 26 19 15 18 19 14 12 18 91 27 13 15 15 13 17 43 128 63 26 30 17 5 7 48 21 17 32 102 87 15 4 7 19 14 10 12 17 15 14 17 61 33 14 9 10 10 13 32 69 59 41 35 17 6 7 24 13 15 31 67 44 13 8 11 
49 61 44 22 9 5 6 16 90 91 33 10 4 3 7 24 54 33 11 6 6 9 13 25 11 8 6 7 11 14 13 12 57 54 41 29 18 12 11 20 137 85 20 6 2 2 5 50 101 25 8 7 7 6 12 41 14 10 9 10 12 11 10 12 58 20 12 15 19 25 37 56 137 49 6 3 3 5 18 89 100 39 13 8 7 6 8 27 15 11 10 12 13 9 9 12 50 14 6 5 9 19 43 68 92 21 6 3 4 7 33 100 53 20 11 9 7 7 12 38 11 10 12 14 12 7 8 10 
