60
128
19 15 16 20 20 19 22 24 36 23 19 19 18 21 27 36 53 23 14 11 15 24 40 59 17 11 11 20 37 43 35 25 29 16 13 16 23 32 42 42 46 27 25 32 42 48 33 27 115 52 17 16 18 20 25 59 21 10 15 54 83 54 25 17 40 28 20 16 20 28 39 46 31 15 16 25 50 77 64 38 100 47 41 44 26 21 29 47 14 16 46 93 70 18 6 7 31 36 35 26 16 13 14 21 21 34 49 49 33 20 17 16 14 27 53 61 36 17 13 12 13 15 33 50 30 14 13 15 
21 55 65 35 13 7 6 8 50 94 70 20 6 5 6 12 38 70 56 22 11 11 11 15 18 41 44 22 16 17 14 12 31 34 44 40 31 20 12 13 118 67 30 12 7 7 12 54 50 47 56 46 33 20 18 25 26 64 71 31 14 10 8 10 34 16 14 20 29 33 31 29 107 63 40 22 11 10 14 38 26 40 75 79 38 14 8 10 35 54 52 28 14 10 12 19 22 17 15 15 20 25 25 24 33 27 27 24 23 21 22 27 25 24 32 31 24 21 22 24 33 30 22 15 12 14 20 27 
24 16 16 25 26 10 8 13 112 29 9 11 9 4 7 58 105 24 6 4 5 7 16 65 25 14 10 8 13 18 21 21 39 15 16 28 28 13 10 18 129 33 7 8 6 3 6 80 105 41 32 13 8 6 10 48 29 35 32 16 14 10 8 13 36 17 13 19 21 17 18 22 117 99 40 8 5 5 10 28 42 102 103 25 6 4 5 8 28 70 74 21 9 5 5 8 22 15 14 12 14 15 19 23 39 40 26 11 11 14 23 29 29 59 51 14 8 13 20 18 28 53 53 15 6 7 13 14 
96 33 7 6 6 3 5 30 121 45 7 4 4 5 9 46 57 26 13 12 15 16 16 29 21 14 11 14 26 20 14 14 113 40 7 6 7 4 5 31 135 44 8 5 5 5 8 51 70 24 14 18 24 24 20 31 28 20 15 19 30 20 14 17 112 31 5 4 7 5 7 42 135 50 8 6 5 4 8 49 68 32 21 24 25 21 14 22 27 19 16 22 31 20 13 16 97 28 4 3 6 6 8 38 120 43 7 5 5 4 8 50 53 28 15 16 17 13 14 24 19 14 14 22 28 17 11 12 
16 14 17 21 18 12 10 13 53 23 14 15 13 10 14 34 102 23 6 5 6 8 26 92 40 11 9 20 35 30 34 49 23 17 16 20 19 14 13 18 86 38 20 18 16 13 12 26 131 57 11 9 9 7 13 73 40 16 25 66 69 31 19 27 23 17 14 16 18 15 14 20 83 24 13 14 14 15 23 48 128 75 41 31 11 4 8 49 21 24 59 106 62 11 4 7 18 13 11 12 15 15 16 18 47 34 19 12 11 11 15 28 48 60 57 37 14 7 8 18 14 19 46 61 25 9 9 14 
27 26 27 21 17 13 15 20 40 37 33 22 15 15 21 30 53 35 21 18 23 19 24 40 17 11 13 35 59 29 18 17 27 33 38 30 22 14 14 19 43 59 69 51 24 11 9 15 113 81 34 21 24 12 10 32 21 11 16 59 94 35 11 11 23 20 24 28 29 21 18 20 61 18 21 29 30 24 30 51 119 32 12 24 32 11 15 73 19 9 16 70 102 29 7 8 21 12 11 16 22 24 24 24 59 19 10 11 15 18 30 55 71 26 17 30 36 14 16 48 12 8 13 47 73 27 12 11 
29 23 17 17 14 9 8 15 95 60 15 7 5 5 8 32 115 57 7 3 4 5 12 49 34 15 8 9 13 15 17 26 33 23 14 14 16 13 12 21 100 73 22 11 10 9 10 25 135 98 9 3 3 3 5 33 51 22 12 12 15 14 13 21 35 20 12 11 16 15 14 26 97 21 9 8 10 11 25 83 134 30 5 3 3 3 12 104 51 20 15 14 15 12 11 22 32 13 7 8 13 18 19 29 96 25 6 4 5 7 18 75 107 35 10 6 5 4 10 69 30 20 16 15 15 9 10 18 
33 18 12 14 16 10 9 19 117 34 8 5 5 3 9 68 99 23 6 4 4 7 19 72 22 10 7 8 14 17 20 25 49 19 12 14 18 14 12 24 137 28 5 4 3 3 9 100 105 19 7 7 8 8 21 79 23 12 10 11 17 15 14 20 48 22 12 13 19 17 13 19 137 96 8 3 3 4 5 30 110 71 16 9 8 7 8 23 23 15 11 16 18 11 10 15 32 17 8 9 15 17 14 20 120 63 7 3 5 6 9 39 105 64 15 8 5 3 6 26 21 19 15 19 16 7 6 9 
35 18 14 19 19 9 8 18 114 32 9 8 7 5 10 61 52 14 12 46 71 24 16 35 9 7 13 53 74 19 6 7 51 20 14 20 23 14 10 19 131 33 7 10 14 6 6 67 47 9 12 90 115 23 7 22 13 10 16 62 73 15 8 11 49 17 9 15 23 19 16 24 128 74 26 28 14 5 6 30 25 23 32 109 102 14 5 7 19 11 13 41 50 17 12 17 34 16 9 11 16 14 15 25 60 38 21 22 19 10 11 30 17 16 22 51 50 17 10 13 18 10 10 25 32 15 12 18 
32 26 21 22 15 9 9 19 98 39 14 10 6 5 13 61 73 23 14 18 13 14 27 61 14 12 23 44 36 24 19 17 48 26 22 24 17 14 12 21 127 44 13 10 5 4 8 71 66 23 51 90 34 9 12 36 12 22 64 88 34 9 6 9 44 20 14 16 17 19 21 29 114 85 54 26 7 6 8 28 22 34 89 111 31 7 7 12 22 24 50 57 20 10 13 22 26 16 14 14 15 15 19 25 36 31 29 23 17 14 18 30 23 20 32 33 20 16 22 30 21 15 18 22 15 14 20 28 
14 6 8 10 13 28 63 45 18 6 7 8 12 37 82 61 31 8 6 4 6 25 89 85 17 7 5 5 9 30 84 56 30 15 13 13 16 28 59 59 34 19 24 42 57 45 45 34 116 46 14 11 10 13 36 67 33 10 8 14 25 36 56 41 32 28 24 23 25 21 24 30 36 14 16 36 70 53 27 23 119 42 11 8 11 13 16 53 44 25 22 26 27 17 13 18 23 22 22 20 22 16 16 17 33 21 20 24 37 26 20 23 74 38 17 11 12 12 16 36 31 24 24 22 19 12 11 16 
24 24 16 16 20 16 13 16 37 25 14 13 19 26 29 35 19 19 14 15 28 45 32 21 18 21 15 14 22 26 17 13 40 24 19 21 27 22 13 18 119 27 8 6 11 30 45 84 21 8 5 10 67 113 59 29 17 20 14 16 39 52 21 13 44 18 10 15 29 30 20 21 127 68 7 5 11 14 11 39 53 28 9 15 87 104 22 14 10 9 8 14 65 84 26 11 29 19 11 12 23 24 16 19 102 63 14 6 9 11 10 33 59 48 24 21 46 39 13 16 8 8 10 23 66 61 17 8 
18 19 23 21 19 12 11 12 93 63 20 9 7 5 7 24 113 63 9 4 8 9 10 34 28 15 8 12 27 23 16 17 17 10 10 13 19 32 48 32 91 44 13 8 11 26 45 37 129 79 7 4 6 7 9 38 44 18 11 17 31 26 14 16 19 9 7 6 11 35 86 57 30 8 6 4 9 47 115 81 116 27 11 6 5 11 49 99 36 21 21 22 25 19 11 17 24 20 19 11 10 17 39 35 26 25 26 16 12 19 44 38 35 32 29 17 12 13 23 32 20 23 25 19 17 12 10 13 
12 16 18 22 29 32 21 13 29 31 22 20 25 29 21 20 29 22 15 14 24 42 42 33 14 18 14 13 25 48 32 14 17 14 12 17 35 55 39 23 43 30 22 24 52 63 26 17 115 42 11 7 15 42 45 62 18 8 5 9 49 104 60 21 24 23 17 17 31 49 38 26 30 13 11 18 60 90 48 25 117 63 15 8 15 27 27 53 35 35 22 24 57 70 28 15 22 25 21 20 27 31 21 17 20 23 22 27 44 45 24 16 51 56 25 15 22 25 20 23 32 49 33 21 25 22 13 13 
34 14 8 18 36 12 6 12 104 28 6 9 20 10 7 32 44 12 6 24 77 27 8 15 84 21 5 8 19 8 6 26 44 16 9 24 49 16 6 12 130 26 4 9 25 12 6 41 59 10 4 28 113 44 7 18 111 27 4 8 21 8 5 34 44 12 7 19 47 20 9 16 130 40 7 14 25 7 4 27 59 17 9 48 112 26 4 11 112 31 6 8 20 8 5 31 35 11 6 12 33 16 10 16 101 30 8 11 22 8 7 30 45 15 9 27 74 22 6 14 84 25 6 8 17 7 5 23 
20 10 9 11 16 8 6 9 84 21 8 7 9 5 6 18 134 22 3 4 23 7 5 33 23 4 3 20 113 22 4 7 26 12 9 11 18 10 7 12 101 26 10 10 13 8 6 16 143 32 3 6 30 6 3 23 28 4 3 30 135 25 3 5 25 12 7 10 19 12 9 13 102 17 6 8 12 11 10 27 143 21 3 9 32 5 3 34 26 5 3 34 135 22 2 4 20 9 6 8 17 11 9 10 87 19 5 5 9 7 8 22 131 30 5 10 26 4 3 23 20 6 4 28 114 17 3 4 
18 14 17 35 41 22 16 19 16 14 21 53 67 28 13 13 66 26 16 24 25 13 16 51 32 13 12 24 35 23 22 35 20 19 25 52 52 20 14 18 29 18 26 87 93 24 7 9 121 46 17 26 22 10 11 54 33 14 20 64 67 28 15 23 16 19 32 62 52 17 9 12 39 12 17 69 84 28 14 22 118 54 29 35 21 8 9 41 20 18 38 89 61 13 6 9 11 13 22 46 43 19 12 10 30 17 19 37 39 20 16 25 45 35 31 34 22 11 13 26 17 13 24 44 30 13 13 19 
23 30 30 27 23 16 12 13 56 45 26 17 14 15 19 31 33 27 22 21 26 28 28 29 20 22 21 20 23 25 22 19 31 24 25 32 39 38 20 14 114 45 15 10 11 14 22 59 37 19 21 38 55 45 33 31 25 29 33 31 28 23 18 19 19 7 6 11 34 81 78 28 104 48 23 14 14 37 54 48 28 31 46 62 56 32 20 15 28 28 27 25 25 24 26 27 15 13 11 9 18 59 72 30 13 9 10 12 27 73 84 36 14 12 13 16 31 62 61 30 19 16 13 13 19 34 43 30 
23 18 13 15 19 13 11 14 62 37 14 10 13 12 14 31 61 26 8 8 28 47 36 43 12 12 8 13 53 70 23 10 29 22 13 15 21 19 16 19 82 47 20 17 20 17 14 23 123 52 8 5 24 38 23 50 18 7 4 12 95 106 24 12 30 25 14 14 21 20 16 18 80 27 11 13 18 22 26 41 127 47 8 7 17 16 13 61 27 13 9 25 98 80 14 11 22 17 10 11 20 21 15 14 61 39 14 9 12 13 14 26 99 73 20 10 10 7 7 26 28 28 18 29 59 33 9 9 
29 13 7 9 13 6 6 10 86 24 6 5 8 6 7 24 128 28 4 3 5 4 6 39 114 21 3 2 6 4 6 33 39 15 8 9 14 8 8 14 107 25 8 8 12 8 8 29 137 31 4 5 8 7 8 39 130 27 3 3 7 4 5 34 40 15 7 8 14 10 8 14 107 28 7 7 11 9 9 25 137 36 7 7 8 5 5 33 131 33 4 4 7 4 3 26 29 11 5 6 12 10 8 12 89 25 6 5 8 6 7 22 130 37 5 4 6 4 4 29 114 29 6 4 6 3 3 21 
11 11 16 34 56 34 14 11 22 26 28 39 43 24 12 13 46 38 24 21 18 15 18 33 31 22 14 14 17 19 22 31 9 8 12 40 80 53 20 11 27 25 32 63 85 37 9 8 115 56 23 16 13 11 16 50 42 19 12 15 24 32 35 40 8 7 11 42 91 57 18 9 30 8 8 41 97 63 20 19 120 55 13 9 13 13 14 53 49 38 25 23 26 22 18 24 9 10 14 37 74 45 13 8 18 11 10 30 71 49 21 17 72 49 17 11 15 15 17 35 43 40 23 17 16 11 12 22 
30 33 30 22 14 11 15 23 31 36 41 33 20 14 17 24 35 38 37 27 18 14 19 27 23 21 22 20 19 20 23 25 31 45 47 33 17 11 13 21 30 47 79 74 32 11 9 11 110 72 46 22 9 7 13 42 36 19 20 28 29 27 30 32 24 43 52 36 18 13 11 14 49 36 45 47 32 22 22 27 117 74 50 19 7 6 12 52 26 36 73 61 28 13 10 12 15 27 36 26 18 15 12 10 26 50 52 27 14 11 11 13 28 75 88 30 8 6 7 9 16 44 80 41 10 5 7 10 
12 8 19 66 62 20 11 14 33 20 26 61 52 17 13 25 49 24 15 17 15 16 27 49 30 18 13 12 15 17 21 31 15 12 32 108 83 12 4 6 108 31 19 47 30 10 21 65 57 18 11 14 24 34 47 58 30 21 17 17 21 22 24 31 24 11 21 85 80 21 10 14 119 67 16 17 14 7 11 45 61 46 32 27 26 21 18 24 28 23 20 21 23 20 21 25 24 9 10 31 46 24 20 30 79 32 10 8 10 12 22 62 49 32 20 17 15 15 21 34 22 19 19 22 21 15 16 20 
20 46 65 39 15 8 8 10 24 65 88 45 14 7 7 9 30 60 70 39 18 11 10 14 24 36 39 27 18 17 16 18 16 31 47 39 27 24 19 14 30 57 78 53 29 21 12 10 111 77 47 19 8 8 14 40 41 28 25 24 24 28 31 33 18 16 18 21 29 41 40 28 32 12 13 20 36 59 60 44 113 47 20 12 10 16 30 67 38 38 40 36 25 19 18 21 19 16 15 15 22 32 36 26 25 18 15 17 25 37 44 37 40 30 21 18 19 24 32 38 26 29 26 20 16 16 21 23 
17 16 18 23 19 16 17 18 39 24 19 16 13 16 24 39 52 18 9 7 9 20 50 75 27 12 7 7 12 30 54 52 23 17 16 19 21 24 30 30 62 40 25 20 19 27 31 31 120 60 11 6 6 13 29 69 37 16 12 16 25 41 49 43 28 12 9 11 16 28 51 55 35 9 6 8 13 46 96 81 110 34 9 7 7 18 58 89 43 32 25 23 22 22 23 28 32 12 6 6 9 23 50 60 36 14 8 7 9 27 69 75 29 14 11 13 17 32 57 56 22 18 16 17 18 24 28 28 
17 14 14 15 14 11 11 14 39 21 14 13 13 11 15 31 68 17 9 6 6 10 37 91 32 10 7 5 7 23 59 71 21 17 14 15 16 14 13 18 78 32 20 17 15 13 12 25 133 37 6 3 3 6 27 104 50 13 7 8 14 36 65 74 21 17 14 14 17 16 14 17 80 25 12 13 15 16 18 31 135 97 14 3 2 3 7 44 67 69 35 16 15 18 18 24 15 12 10 10 16 18 15 13 42 31 14 10 12 14 14 19 91 102 27 6 4 5 7 18 54 86 49 15 7 4 5 12 
38 62 43 14 7 6 8 14 43 69 51 14 8 10 14 18 32 47 34 17 13 16 18 19 20 18 14 13 15 17 19 18 33 70 59 20 10 6 6 10 41 103 104 30 7 4 4 8 117 102 52 10 4 5 9 28 41 19 11 12 16 20 23 25 26 35 30 17 16 15 13 15 89 41 34 17 10 10 17 47 128 50 11 5 3 3 7 77 47 25 19 19 17 15 13 20 21 17 11 10 15 22 20 19 78 38 11 6 7 10 18 45 101 65 21 8 4 3 7 42 34 40 28 19 12 7 7 14 
22 20 21 25 23 15 14 19 25 22 24 31 30 20 18 23 56 26 18 18 15 13 21 53 60 22 10 8 8 11 25 63 28 26 24 27 25 18 18 24 35 30 37 54 49 24 13 15 120 52 19 14 9 8 16 62 80 23 9 9 9 14 34 78 25 23 22 25 26 22 20 22 39 16 16 32 48 41 30 31 124 43 7 5 7 10 18 71 99 35 11 9 9 10 21 67 19 14 12 17 21 25 25 23 38 15 10 14 22 26 35 47 97 25 5 4 6 10 29 86 82 26 10 10 10 8 18 64 
17 12 12 16 31 36 28 20 20 14 14 25 57 46 20 16 72 28 13 11 14 13 20 54 36 18 11 8 13 21 30 39 29 27 21 21 35 37 32 27 31 12 13 51 105 59 17 12 122 34 8 11 17 10 17 67 44 16 12 13 23 32 37 41 24 48 59 43 25 13 9 11 32 21 34 70 91 36 10 11 121 77 24 11 14 9 9 34 41 49 47 29 22 17 12 15 11 27 44 32 21 16 11 8 20 30 42 43 29 16 12 10 55 77 41 15 10 8 9 16 31 58 53 21 9 7 8 12 
50 23 11 10 13 6 5 14 118 37 6 6 17 11 8 36 26 9 9 28 89 39 9 12 15 12 12 19 42 18 7 9 64 22 10 11 16 10 7 16 141 30 3 4 19 16 8 51 37 5 4 25 126 70 12 16 17 12 10 19 54 26 11 12 64 18 7 9 16 12 11 22 141 48 5 8 18 6 4 32 44 14 7 40 128 49 7 7 15 10 8 20 62 30 14 13 51 16 5 7 13 10 11 23 128 39 6 6 12 6 6 39 35 15 9 31 96 35 8 10 12 7 7 18 54 25 11 10 
23 22 22 20 17 18 21 21 35 20 16 16 16 26 42 47 25 13 11 10 13 35 67 56 21 12 10 9 13 34 55 43 39 28 28 28 26 22 17 20 116 37 14 9 7 15 44 89 34 14 18 21 21 53 87 68 23 18 22 22 26 41 55 40 38 18 16 20 27 32 31 28 114 88 48 17 9 11 14 34 30 65 96 65 22 15 13 12 22 45 63 46 23 16 15 14 21 19 20 18 20 23 24 22 33 40 36 24 20 20 20 22 25 44 54 32 16 15 18 18 23 37 43 28 14 12 15 17 
29 13 8 14 34 19 12 18 34 14 9 23 69 30 10 14 93 26 6 10 30 17 11 35 19 8 6 22 80 34 9 11 42 20 9 16 38 20 13 24 45 15 9 40 106 38 7 10 128 37 6 13 39 16 6 31 25 7 4 29 113 45 7 9 43 24 12 18 37 17 10 21 43 10 7 32 105 49 11 16 128 31 5 13 39 16 7 39 26 9 6 38 113 35 5 7 31 20 12 17 32 14 8 14 33 14 10 27 68 27 10 14 93 38 11 15 31 12 7 25 20 12 10 33 81 23 6 7 
8 8 10 19 55 59 21 8 61 38 16 15 34 33 14 20 108 49 9 5 7 9 14 47 35 19 9 9 20 24 21 27 9 7 6 11 53 88 42 14 56 22 7 12 67 101 30 16 128 58 6 5 9 12 10 42 48 21 12 16 27 25 17 23 16 16 12 13 34 58 32 17 22 6 5 9 61 115 61 26 120 30 8 6 12 30 40 71 44 26 19 22 26 19 11 17 18 19 16 15 22 28 18 13 17 16 14 17 37 49 28 17 46 26 13 13 23 28 25 30 29 25 16 16 19 15 12 16 
16 7 5 8 10 5 5 8 113 19 4 4 5 3 4 18 175 24 1 1 2 2 3 39 53 9 3 4 12 9 8 17 20 10 6 7 11 6 6 10 137 25 6 5 7 5 4 15 177 34 1 1 2 2 2 28 67 11 5 6 15 9 7 14 21 10 6 7 11 7 5 9 139 14 4 5 7 5 5 25 177 26 2 1 2 1 1 37 66 14 7 10 15 7 5 11 16 8 5 5 10 7 6 8 115 18 4 3 5 4 5 19 175 40 3 2 1 1 1 24 51 18 9 11 12 4 3 8 
20 12 9 26 77 26 7 8 86 34 11 13 29 14 10 29 23 11 10 27 72 37 13 14 17 13 10 20 44 20 9 9 26 9 7 36 110 36 6 7 128 29 6 12 37 17 9 45 35 7 5 29 109 61 14 17 21 14 10 21 55 28 12 14 25 7 5 31 111 43 7 9 128 44 7 13 37 15 6 28 40 17 10 43 107 43 8 9 20 11 7 18 57 33 15 16 18 8 6 22 81 32 10 10 93 31 8 10 30 16 10 33 33 17 11 26 68 30 10 13 16 8 7 17 49 26 11 12 
15 17 23 25 22 20 18 15 23 23 26 25 23 22 23 22 34 19 18 17 16 19 42 61 29 15 11 8 8 21 63 65 19 17 21 25 26 28 31 24 43 28 31 34 37 36 24 20 120 44 16 9 7 10 41 101 41 20 25 25 22 37 75 77 23 19 20 21 23 29 36 30 36 14 14 23 40 58 52 33 115 87 52 18 10 15 21 41 29 63 100 63 18 10 10 13 20 20 21 19 18 22 25 22 21 21 26 29 29 29 28 23 21 32 40 30 24 24 25 22 19 34 50 26 12 13 19 20 
25 27 26 20 16 16 16 18 33 26 22 18 21 27 29 29 19 22 22 21 28 35 32 20 25 26 22 15 14 18 21 22 37 32 31 27 23 19 14 18 108 39 14 9 10 24 41 63 22 9 8 12 44 94 74 30 26 19 14 11 19 41 52 38 32 12 11 16 24 40 50 41 119 49 9 6 7 14 34 74 47 23 14 18 39 66 56 37 16 9 8 9 20 53 75 47 23 9 6 6 12 30 64 58 49 13 8 6 7 21 68 90 34 16 14 12 14 31 53 56 13 11 16 18 22 35 44 28 
24 24 21 16 15 13 12 13 38 32 24 15 13 16 25 30 19 23 27 18 16 26 40 27 20 21 22 13 11 20 35 24 39 25 22 20 21 16 12 16 116 27 10 6 6 15 50 94 25 8 6 5 14 72 112 62 17 10 8 5 11 48 89 47 45 21 12 14 23 21 15 19 128 77 7 3 5 7 10 38 84 45 14 8 13 43 55 36 16 10 10 12 21 49 65 33 28 18 10 10 19 19 15 17 107 68 12 4 6 8 8 27 86 71 30 11 6 6 10 22 18 23 30 24 20 17 15 12 
19 19 20 22 23 18 15 16 29 18 17 17 19 26 40 42 21 19 16 15 22 42 44 28 24 23 19 16 18 17 17 19 43 22 22 28 31 20 13 19 122 28 9 10 15 32 62 107 21 9 8 30 98 110 75 38 24 21 18 23 40 33 22 21 45 20 14 21 29 27 21 23 123 103 53 31 15 10 10 31 22 36 65 109 102 33 9 9 24 21 20 33 41 23 19 21 22 18 15 17 21 22 20 19 38 48 39 26 17 16 16 20 19 27 43 49 28 17 15 16 23 20 19 20 18 16 18 21 
24 19 19 26 28 21 19 24 19 22 33 50 45 25 17 17 46 39 29 27 23 17 18 29 30 22 16 16 20 21 23 27 22 23 30 42 43 25 18 20 22 29 54 96 87 31 10 9 118 76 37 27 15 11 14 41 43 21 16 22 30 30 27 29 20 18 21 28 40 38 30 23 21 8 9 31 76 91 71 37 114 34 12 10 13 29 54 85 40 29 27 29 28 22 18 22 23 17 15 15 19 29 33 28 21 14 12 14 25 50 59 38 29 16 13 14 21 37 54 49 22 18 17 19 22 24 27 25 
30 24 20 23 21 12 11 19 66 34 17 14 14 12 18 44 34 19 18 28 34 26 23 34 43 22 17 20 18 13 17 38 41 25 22 28 28 17 12 19 118 38 12 11 12 12 17 62 41 13 15 45 71 47 27 36 71 26 14 17 17 12 22 72 38 16 13 21 29 26 21 26 113 70 34 22 11 8 9 31 56 33 42 67 49 17 15 42 91 23 8 9 10 10 25 94 26 13 10 14 22 22 22 29 51 28 17 15 16 17 23 44 71 25 14 14 11 12 28 72 73 24 11 12 10 8 19 70 
40 73 49 17 7 5 4 9 69 97 49 13 5 5 6 14 46 47 24 13 11 14 14 21 15 16 15 14 17 21 16 15 49 51 36 20 16 14 12 19 124 74 23 6 3 4 8 63 82 36 20 13 11 14 22 47 21 21 17 15 17 20 19 20 53 29 15 11 16 21 25 34 121 87 27 6 4 6 10 41 69 86 53 18 9 9 8 19 29 38 28 19 15 14 13 16 31 30 18 12 14 18 17 19 61 74 34 13 10 11 11 17 56 92 52 15 6 5 6 13 29 55 45 22 10 6 6 10 
22 6 4 24 118 19 3 4 144 30 4 8 27 3 2 23 79 15 6 6 9 7 7 20 11 6 6 8 17 11 8 7 28 5 3 28 137 25 2 5 151 19 2 7 35 5 2 34 98 11 6 9 12 10 9 24 14 8 8 11 20 11 8 9 28 4 3 27 136 27 3 5 151 32 2 6 34 7 2 21 97 24 9 10 12 8 6 12 13 8 8 12 20 10 7 9 23 4 3 21 116 20 3 7 144 22 2 4 26 7 4 31 77 19 8 7 9 5 6 16 10 7 8 12 18 8 6 7 
7 5 6 30 98 22 5 4 64 22 10 14 28 9 6 17 128 30 5 3 6 4 7 43 53 12 5 7 19 13 11 23 8 4 5 35 118 31 5 4 82 24 10 17 36 14 7 16 141 40 4 4 6 5 6 35 66 15 6 12 26 15 9 19 8 4 5 31 119 32 5 4 82 15 7 14 35 17 10 25 141 33 5 5 6 4 5 41 65 20 10 16 26 11 7 15 8 4 4 22 99 27 5 5 67 16 6 10 27 13 8 23 128 38 6 4 5 4 5 32 51 20 11 13 19 7 6 13 
37 28 17 12 13 20 28 35 25 19 19 21 31 47 46 35 13 12 14 20 39 59 52 25 15 17 14 13 22 43 40 21 46 54 41 25 15 11 15 27 33 45 76 80 41 17 12 15 101 47 34 25 21 35 44 54 19 8 7 14 45 84 66 29 28 39 39 29 21 16 14 17 52 28 36 49 35 22 20 27 118 71 26 16 11 11 15 54 30 31 35 45 56 47 23 15 18 19 17 18 21 23 21 17 36 31 20 17 18 20 23 27 60 67 36 17 11 11 14 24 25 41 43 33 23 15 11 13 
14 8 11 46 76 23 9 11 88 28 13 27 35 9 8 42 64 19 14 24 26 16 16 41 15 12 18 39 40 19 11 11 21 8 11 67 105 25 6 8 123 29 10 25 34 8 7 57 59 16 26 69 55 18 11 28 18 19 34 60 40 13 9 13 22 9 11 60 99 29 7 9 113 69 33 29 26 9 6 23 29 33 61 93 45 9 7 11 25 22 32 43 27 12 13 23 16 9 12 38 65 24 11 13 49 30 20 23 25 15 15 30 26 21 27 35 25 15 17 25 24 16 18 23 19 12 15 23 
45 27 14 13 17 17 17 29 53 35 19 17 26 23 19 30 77 44 16 11 12 13 17 41 32 20 12 12 19 25 23 27 77 39 11 9 15 19 23 50 52 30 20 31 62 58 25 25 119 60 15 11 12 13 13 42 44 21 14 18 27 31 25 27 99 56 12 6 10 12 14 47 49 24 9 13 52 88 55 39 110 36 11 9 14 30 38 66 42 31 25 25 26 21 14 18 76 51 13 6 9 10 11 30 54 50 26 18 23 25 18 23 42 38 24 20 25 25 20 26 30 31 24 22 20 14 11 16 
90 21 5 7 12 7 7 36 54 15 9 21 52 22 12 27 97 26 9 11 17 8 9 36 43 11 6 8 18 14 12 23 116 30 5 8 15 7 6 44 62 19 14 53 89 23 6 17 130 40 10 15 17 5 5 30 54 13 7 15 26 15 11 21 111 33 7 10 18 7 5 36 63 15 8 39 96 34 7 18 132 30 5 8 17 9 4 38 53 18 12 21 28 12 6 14 81 25 8 11 17 7 6 24 51 17 10 28 63 20 7 17 110 35 8 8 14 7 5 31 43 20 11 17 21 8 6 13 
67 17 5 6 9 3 3 11 169 36 2 2 2 1 1 25 114 19 4 4 5 4 5 19 16 7 5 5 10 8 7 7 82 16 4 6 11 5 3 12 172 27 2 2 2 1 1 33 136 17 5 5 7 5 6 24 20 9 6 7 12 7 7 9 82 13 3 5 11 7 4 15 172 31 1 1 2 2 2 28 136 23 6 5 7 5 5 18 20 9 6 7 12 7 7 9 68 11 2 3 9 6 5 16 169 24 1 1 2 2 2 37 113 19 4 4 5 3 5 19 16 8 6 7 11 5 6 6 
23 16 19 24 16 12 16 24 23 20 33 39 24 15 16 22 39 32 28 24 17 13 15 27 25 15 12 14 15 16 18 24 22 23 44 57 25 10 12 20 23 34 80 112 42 7 5 8 117 86 51 27 7 5 7 27 43 19 13 17 18 18 19 26 12 19 51 83 43 11 6 9 63 18 40 93 51 10 9 30 128 42 11 10 6 4 6 69 48 24 19 23 20 14 11 19 11 12 22 50 44 20 13 12 72 22 14 26 25 14 20 50 106 41 12 8 6 5 11 57 33 25 20 22 17 10 10 18 
43 44 26 19 14 11 10 20 73 55 20 13 19 22 21 36 17 12 13 31 69 63 26 17 16 16 15 23 43 37 17 13 50 35 25 22 24 23 16 22 122 56 15 9 13 18 16 65 31 10 11 39 92 82 30 24 15 12 13 25 56 55 30 17 42 23 15 16 24 29 28 30 112 89 57 22 11 9 10 31 24 48 78 76 59 28 10 9 16 19 25 35 45 40 24 16 22 24 22 20 21 19 17 17 29 46 45 27 20 15 14 17 29 47 55 33 16 12 12 17 20 27 32 29 23 17 14 14 
16 33 71 57 18 10 12 13 12 33 80 74 33 14 11 10 13 26 56 61 36 19 15 12 20 28 41 34 20 13 14 16 20 30 78 77 33 14 7 7 107 48 52 35 14 17 25 51 24 12 17 31 59 70 50 30 25 23 23 25 27 28 29 27 29 14 19 32 40 41 34 25 114 61 26 17 12 13 19 45 32 30 40 57 58 35 17 15 23 20 22 28 30 28 27 26 20 16 17 18 24 31 31 24 43 33 26 22 19 20 26 34 27 29 33 34 28 20 20 22 20 19 24 26 22 18 19 21 
41 63 44 17 8 6 8 16 55 72 36 16 15 14 13 21 18 22 30 47 48 26 14 13 14 19 31 40 34 18 12 10 50 63 47 24 15 10 9 16 120 83 25 10 12 11 9 36 30 14 21 59 89 47 15 13 20 24 33 43 40 23 15 16 53 18 11 11 15 21 41 60 120 38 13 14 13 8 20 76 28 16 20 57 86 46 18 14 22 16 15 23 37 38 32 26 43 19 9 7 9 16 36 55 57 28 17 17 18 15 26 57 19 17 20 31 44 36 25 21 16 13 16 21 29 30 27 20 
18 19 15 22 57 40 11 8 59 45 21 13 16 15 17 31 36 32 20 13 15 22 27 30 25 22 15 11 17 22 22 22 21 9 7 20 93 81 15 10 115 29 7 6 20 24 28 75 43 17 9 9 25 58 58 48 30 22 14 11 20 32 32 30 16 7 4 14 101 94 17 9 118 61 10 6 35 38 13 28 66 43 21 18 30 39 22 19 26 18 11 13 26 37 28 22 11 11 9 19 77 61 12 7 65 38 9 10 47 46 17 21 66 52 19 12 14 14 12 21 21 20 16 17 23 22 14 14 
25 20 18 19 18 17 21 26 36 19 13 14 18 26 41 52 29 14 11 12 18 35 53 50 17 11 12 18 27 32 33 26 47 36 31 30 20 14 14 23 114 37 12 9 10 19 44 81 28 10 11 33 60 64 62 45 14 16 27 45 50 32 21 16 54 24 17 21 21 18 26 44 121 60 15 17 13 8 16 62 30 22 28 82 90 34 11 10 13 17 30 59 58 24 12 11 48 22 11 10 12 14 27 50 72 35 20 23 21 12 20 57 15 14 25 64 70 29 12 12 14 13 18 42 45 22 14 14 
42 65 50 24 9 5 6 13 89 98 36 9 3 3 6 19 53 33 11 6 6 8 12 20 10 7 6 7 11 13 12 10 50 55 47 34 20 13 11 17 139 91 22 7 2 2 4 44 106 25 8 6 6 6 10 34 13 9 8 10 11 10 9 10 52 18 12 16 21 28 43 57 138 44 5 2 3 5 20 94 103 35 12 7 6 5 8 26 13 10 9 10 11 8 9 11 44 12 5 5 9 20 51 70 87 16 5 3 3 7 37 105 51 17 9 7 5 6 13 39 10 8 10 11 11 7 8 9 
14 7 6 15 43 16 8 10 32 9 5 28 113 28 5 7 137 26 4 7 18 5 4 31 51 11 4 6 14 11 7 18 18 10 8 18 50 17 8 12 42 10 5 44 136 31 3 5 148 35 4 9 22 4 2 26 64 12 5 9 17 11 6 17 19 12 8 19 51 16 8 12 43 5 3 32 137 44 5 11 148 25 2 4 22 9 4 36 63 15 7 11 16 9 5 14 16 11 8 18 43 13 6 8 33 6 5 28 113 28 5 10 138 30 4 4 19 7 4 28 51 17 7 10 14 5 4 12 
18 20 21 24 22 15 13 14 45 43 27 21 18 12 12 21 107 74 20 8 5 4 6 35 88 53 14 7 9 9 10 34 22 20 20 22 25 23 20 19 48 35 31 34 35 24 15 18 127 70 17 8 5 4 6 46 106 61 19 9 8 7 10 40 22 21 19 20 25 26 21 20 45 19 16 22 34 38 32 33 124 70 17 7 6 9 14 52 84 83 35 13 8 7 8 23 17 17 16 17 22 24 18 15 30 27 20 17 21 22 20 22 64 65 24 10 10 11 14 24 61 72 30 10 6 6 8 19 
23 20 19 19 15 14 19 24 36 19 16 16 14 17 37 54 45 19 11 9 8 14 50 78 37 14 6 5 6 14 43 64 42 32 28 23 17 15 16 25 113 36 11 7 5 9 46 96 48 11 4 4 6 24 91 102 33 11 7 8 10 16 46 65 41 18 13 14 20 32 37 39 125 66 7 3 3 8 22 69 91 42 14 9 8 14 30 43 22 14 11 15 14 16 24 29 31 10 5 5 11 26 47 58 78 18 5 4 4 13 42 89 61 25 12 12 7 8 17 47 16 14 15 21 14 10 12 15 
28 28 18 18 22 15 10 14 47 38 18 15 19 20 21 29 66 62 21 13 14 20 17 24 71 58 15 7 11 15 15 28 43 27 19 22 27 20 12 18 114 29 8 7 12 28 38 72 53 35 10 13 53 84 48 32 93 82 20 8 12 13 11 28 44 18 10 14 27 30 23 26 121 62 13 9 12 13 13 41 45 33 20 36 78 61 17 14 71 63 18 12 22 23 16 26 33 19 10 10 20 24 20 25 75 46 15 10 13 16 17 38 38 34 22 25 40 31 16 18 38 34 16 15 24 25 16 19 
