20 6
1.2776405188387894 1.255663430420712 1.2567209193489677 1.2046413502109705 1.2472876758772673 1.2415213670254432 
1.2381099444101298 1.2891046386192018 1.3572877125474494 1.1632911392405063 1.3080183081878285 1.3612811511793206 
1.064237183446572 1.0690399137001079 1.0414435026779678 1.0940928270042194 1.0626377352093574 1.0516406046012359 
1.191785052501544 1.2411003236245954 1.2454370547553428 1.2447257383966246 1.246482454653331 1.2353128898430474 
1.2220506485484868 1.1343042071197411 1.0980708231501222 1.2848101265822784 1.1347262247838616 1.1096637558385796 
1.0 1.0 1.0 1.0 1.0 1.0 
1.0 1.0 1.0 1.0 1.0 1.0 
1.0 1.0 1.0 1.0 1.0 1.0 
1.0 1.0 1.0 1.0 1.0 1.0 
1.0 1.0 1.0 1.0 1.0 1.0 
1.0 1.0 1.0 1.0 1.0 1.0 
1.0 1.0 1.0 1.0 1.0 1.0 
1.0 1.0 1.0 1.0 1.0 1.0 
1.0 1.0 1.0 1.0 1.0 1.0 
1.0 1.0 1.0 1.0 1.0 1.0 
1.0 1.0 1.0 1.0 1.0 1.0 
1.0 1.0 1.0 1.0 1.0 1.0 
1.0 1.0 1.0 1.0 1.0 1.0 
1.0 1.0 1.0 1.0 1.0 1.0 
1.0 1.0 1.0 1.0 1.0 1.0 
