30 6
0.02094134685010862 0.04075728568389704 0.21178947368421053 0.07331536388140161 0.14037806011775644 0.027585128017938155 
0.030847212165097754 0.0456073175920017 0.029473684210526315 0.03557951482479784 0.041834521227145954 0.043802471710903686 
0.03058653149891383 0.02527121888959796 0.02568421052631579 0.031805929919137464 0.02912922218779052 0.037440684152891486 
0.03704561911658219 0.037779195915762606 0.020210526315789474 0.030727762803234502 0.027269910133250697 0.033738332377327006 
0.03041274438812455 0.04058710912571793 0.010947368421052631 0.022641509433962263 0.01642392314843508 0.03300829118214528 
0.03536567704561912 0.02097426079557541 0.021052631578947368 0.029110512129380053 0.03377750232414007 0.03441622777285289 
0.034583635047067345 0.022888747075090407 0.009263157894736843 0.02371967654986523 0.010536101642392316 0.0316525003910935 
0.028008689355539466 0.03735375452031483 0.013052631578947368 0.039892183288409704 0.030678648899907034 0.030244563800385878 
0.023519188993482983 0.036885768985322274 0.06526315789473684 0.04905660377358491 0.0644561512240471 0.01971111226990666 
0.03455467052860246 0.039395873218464154 0.0025263157894736842 0.012398921832884097 0.007437248218159281 0.031704646190749336 
0.041245474293989864 0.0400765794511806 0.016 0.027493261455525605 0.024480942051440968 0.035406997966313816 
0.03128167994207096 0.028121676239098066 0.00968421052631579 0.020485175202156335 0.019522776572668113 0.04098659852948845 
0.022013034033309196 0.02893001489044884 0.08463157894736842 0.053369272237196765 0.08490858382398513 0.013870782708452834 
0.04107168718320058 0.040161667730270155 0.006736842105263158 0.019946091644204852 0.013944840409048653 0.02857589821139907 
0.02708182476466329 0.03629015103169538 0.010105263157894737 0.05929919137466307 0.03160830492717694 0.023465609845126974 
0.03180304127443881 0.014124654328866199 0.01768421052631579 0.02857142857142857 0.02293151533932445 0.028367315012775722 
0.03971035481535119 0.023271644330993407 0.009263157894736843 0.022641509433962263 0.010845986984815618 0.03639776815977473 
0.04086893555394642 0.06100829610721123 0.0046315789473684215 0.005929919137466307 0.004028509451502944 0.04964280127235751 
0.024793627805937725 0.02612210168049351 0.0703157894736842 0.05822102425876011 0.06972420204524327 0.019293945872659958 
0.0376249094858798 0.046288023824718146 0.005894736842105263 0.012398921832884097 0.008986674930275797 0.03571987276424884 
0.03794351918899348 0.02833439693682195 0.021473684210526315 0.03611859838274933 0.03036876355748373 0.033164728581112794 
0.03721940622737147 0.02650499893639651 0.014736842105263158 0.027493261455525605 0.028199566160520606 0.040100119935339205 
0.041535119478638666 0.02965326526271006 0.029473684210526315 0.03881401617250674 0.03160830492717694 0.03410335297491787 
0.040347574221578565 0.026419910657306957 0.015157894736842105 0.024797843665768194 0.03470715835140998 0.03817072534807321 
0.041245474293989864 0.030716868751329503 0.012210526315789474 0.026415094339622643 0.022311744654477845 0.04448036710642958 
0.03971035481535119 0.024973409912784513 0.010526315789473684 0.01725067385444744 0.013325069724202046 0.03785785055013818 
0.02389572773352643 0.04177834503297171 0.22147368421052632 0.07493261455525606 0.09575457080880075 0.03212181258799604 
0.037682838522809556 0.02990853009997873 0.0046315789473684215 0.022641509433962263 0.010536101642392316 0.05699535902383063 
0.026010137581462707 0.03305679642629228 0.010105263157894737 0.042587601078167114 0.02386117136659436 0.0205975908640559 
0.031049963794351917 0.036758136566687936 0.016 0.03234501347708895 0.01642392314843508 0.027376544819314803 
