aparcamiento entre_edificios escalera pasillo_abajo pasillo_DCCIA taller_imagen 
60 6
0.0173057444653451 0.024304227745910345 8.316008316008316E-4 0.002122015915119363 0.0021492170709241634 0.016400270734628 
0.019505136738532772 0.010367537709793925 0.004158004158004158 0.006896551724137931 0.00828983727356463 0.01837871609309106 
0.014643322239907395 0.01431909921393669 0.008731808731808732 0.027055702917771884 0.02302732575990175 0.01213099390847087 
0.014122413543626103 0.017463352453792224 0.02494802494802495 0.027586206896551724 0.01473748848633712 0.013224345290779402 
0.014701200983938649 0.02141491395793499 0.017463617463617465 0.010079575596816976 0.007675775253300584 0.01478627583693445 
0.017595138185501374 0.01635861482897812 0.006237006237006237 0.010079575596816976 0.00828983727356463 0.02066954756078513 
0.018202864997829547 0.017930741448905885 0.01995841995841996 0.01856763925729443 0.02302732575990175 0.02488676003540376 
0.01490377658804804 0.0165710643722116 0.043243243243243246 0.0259946949602122 0.027018728891618052 0.018795230905399075 
0.012704384314860368 0.023624389207563205 0.0079002079002079 0.013262599469496022 0.0184218606079214 0.018795230905399075 
0.020431196643032848 0.018058211174845976 0.0158004158004158 0.01856763925729443 0.01105311636475284 0.015254855000780965 
0.014585443495876139 0.012577012959422137 0.004573804573804574 0.014323607427055704 0.011360147374884864 0.01082938512000833 
0.019591954854579655 0.023709369024856597 0.010395010395010396 0.015915119363395226 0.01596561252686521 0.020929869318477637 
0.01661119953697005 0.010962396430847674 0.009147609147609148 0.015384615384615385 0.028860914952410194 0.014525954079241944 
0.017971350021704528 0.019120458891013385 0.002079002079002079 0.010610079575596816 0.004912496162112374 0.016816785546936015 
0.013051656779047894 0.018398130444019545 0.009147609147609148 0.029177718832891247 0.019957015658581517 0.007809652730775238 
0.013341050499204168 0.02426173783726365 0.05654885654885655 0.032360742705570295 0.04973902364138778 0.01114177122923934 
0.01690059325712632 0.016995963458678563 4.158004158004158E-4 0.008488063660477453 0.005833589192508443 0.01707710730462852 
0.018550137462017075 0.012619502868068833 0.0058212058212058215 0.009018567639257295 0.00552655818237642 0.018430780444629563 
0.016119230212704384 0.023029530486509454 0.013305613305613306 0.011671087533156498 0.01105311636475284 0.016192013328473993 
0.01004196208942266 0.023496919481623114 0.02993762993762994 0.03395225464190981 0.03960700030703101 0.015306919352319467 
0.016755896397048185 0.015211387295517315 0.0029106029106029108 0.008488063660477453 0.00368437212158428 0.025823918363096787 
0.017884531905657648 0.01491395793499044 0.006237006237006237 0.015384615384615385 0.004912496162112374 0.015463112406934971 
0.016119230212704384 0.008497981729339282 0.0079002079002079 0.010610079575596816 0.00828983727356463 0.014525954079241944 
0.02060483287512661 0.014276609305289994 0.002494802494802495 0.009018567639257295 0.004298434141848327 0.02368927995001822 
0.020489075387064102 0.013171871680475887 0.008316008316008316 0.01273209549071618 0.00644765121277249 0.019472067475399594 
0.018868470554188974 0.022562141491395793 0.006652806652806653 0.02440318302387268 0.013202333435677003 0.015306919352319467 
0.018347561857907684 0.010707456978967494 0.012058212058212059 0.020159151193633953 0.023641387780165796 0.019524131826938095 
0.01721892634929822 0.013171871680475887 0.004158004158004158 0.008488063660477453 0.0033773411114522566 0.021867027646170666 
0.020518014759079727 0.017463352453792224 0.006237006237006237 0.013262599469496022 0.009517961314092724 0.014161503618472432 
0.01247286933873535 0.021584873592521776 0.021205821205821207 0.022811671087533156 0.028246852932146148 0.016139948976935492 
0.018868470554188974 0.017590822179732315 0.002079002079002079 0.005305039787798408 0.00368437212158428 0.019784453584630605 
0.01669801765301693 0.022562141491395793 0.01496881496881497 0.046153846153846156 0.01903592262818545 0.012599573072317384 
0.021067862827376646 0.011897174421074994 0.012058212058212059 0.01856763925729443 0.02210623272950568 0.019524131826938095 
0.01299377803501664 0.023114510303802845 0.16964656964656966 0.04297082228116711 0.09978507829290759 0.016348206383089498 
0.01374620170742295 0.020140216698534098 0.007068607068607069 0.02493368700265252 0.016886705557261284 0.013640860103087417 
0.019997106062798437 0.022179732313575527 0.002494802494802495 0.006896551724137931 0.003991403131716303 0.016452335086166503 
0.019476197366517147 0.010962396430847674 0.006652806652806653 0.007427055702917772 0.00644765121277249 0.01707710730462852 
0.019186803646360873 0.01635861482897812 0.010395010395010396 0.01909814323607427 0.01565858151673319 0.013640860103087417 
0.013919837939516712 0.03301465901848311 0.0012474012474012475 0.003713527851458886 0.00368437212158428 0.01676472119539751 
0.015366806540298076 0.013766730401529637 0.004158004158004158 0.014854111405835544 0.01013202333435677 0.03217576925079398 
0.016640138908985674 0.013766730401529637 0.004158004158004158 0.006896551724137931 0.00644765121277249 0.01671265684385901 
0.01542468528432933 0.008073082642872318 0.016216216216216217 0.008488063660477453 0.007675775253300584 0.014213567970010934 
0.014643322239907395 0.016486084554918207 0.0577962577962578 0.035543766578249335 0.04144918636782315 0.011870672150778363 
0.009029084068875705 0.00994263862332696 0.008316008316008316 0.016445623342175066 0.028246852932146148 0.011037642526162336 
0.021241499059470408 0.026938602082005523 0.0012474012474012475 0.005305039787798408 0.0033773411114522566 0.019420003123861093 
0.017566198813485746 0.014361589122583387 0.0033264033264033266 0.013793103448275862 0.009517961314092724 0.010985578174623836 
0.016350745188829403 0.014446568939876779 0.002079002079002079 0.011140583554376658 0.004912496162112374 0.017806008226167545 
0.013167414267110404 0.020055236881240706 0.008731808731808732 0.033421750663129975 0.03039607000307031 0.009267454573853282 
0.012443929966719723 0.024176758019970258 0.16424116424116425 0.04084880636604774 0.07338041142155358 0.01666059249232051 
0.020633772247142235 0.011089866156787764 0.0079002079002079 0.01220159151193634 0.021492170709241632 0.017962201280783047 
0.015974533352626247 0.017760781814319098 0.002494802494802495 0.003713527851458886 0.002456248081056187 0.022491799864632685 
0.018202864997829547 0.011429785425961334 0.0033264033264033266 0.009018567639257295 0.00552655818237642 0.015515176758473474 
0.017942410649688902 0.010877416613554281 0.005405405405405406 0.010610079575596816 0.003991403131716303 0.019888582287707606 
0.018752713066126466 0.014064159762056511 0.006652806652806653 0.030238726790450927 0.013202333435677003 0.013484667048471911 
0.015482564028360584 0.013894200127469726 0.002494802494802495 0.002122015915119363 0.0012281240405280934 0.019524131826938095 
0.01860801620604833 0.006585935840237944 0.008316008316008316 0.020689655172413793 0.016886705557261284 0.01473421148539595 
0.01478801909998553 0.018653069895899724 0.07318087318087318 0.03076923076923077 0.06539760515812097 0.008746811058468267 
0.017971350021704528 0.014404079031230083 0.007068607068607069 0.007427055702917772 0.01013202333435677 0.022856250325402196 
0.016842714513095065 0.0082855321861058 0.013305613305613306 0.011140583554376658 0.00736874424316856 0.014525954079241944 
0.01681377514107944 0.01597620565115785 0.004158004158004158 0.013793103448275862 0.0033773411114522566 0.015931691570781486 
