100
2
15 15
16 15
76 50
76 53
78 54
15 16
14 15
30 60
31 62
25 50
15 14
5 5
7 4
25 25
13 4
13 16
5 25
6 20
17 19
20 20
17 10
35 75
35 60
24 23
24 6
6 15
17 13
33 55
27 50
27 68
40 60
20 65
18 60
73 47
74 48
85 10
85 12
20 70
30 75
33 65
32 60
80 15
81 10
81 8
81 7
81 13
85 15
75 51
75 55
75 48
38 65
30 59
28 57
55 35
15 10
30 64
20 70
50 35
50 33
48 30
38 35
59 43
54 32
54 40
49 33
60 34
56 35
56 33
50 32
51 34
51 40
75 50
80 50
80 52
70 57
71 59
72 58
72 60
73 55
73 50
76 56
78 48
70 45
85 8
87 11
88 13
83 14
82 8
83 10
60 35
57 35
57 40
53 33
53 45
83 17
90 5
90 15
80 5
79 9
84 9
